4.7 d01 11.2 n 0 1 05 15 2 1 0 0 05 1 2 2 4 0 05 1 25 25 m 3 15 2 15 2 25 t12.2 2 0 2 2 m 95 0 0 25 1 0 05 15 9 0 0 0 1 1 95 1 1 95
4.7 d02 12.2 0 0 0 0 2 05 05 0 05 1 5 1 1 15 1 05 9 0 1 1 1 1 15 9 1 95 15 9 05 1 0 1 1 05 l 05 1 15
4.8 d03 12.2 15 0 05 05 1 9 95 95 95 15 0 0 0 05 9 0 15 05 1 1 05 15 0 15 1 0 0 0 25 25 0 0 05 1
4.8 d4 12.2 05 1 2 1 15 2 1 1 2 15 2 15 15 2 1 2 15 1 0 25 2 1 05 1 05 0 15 2 05 05 95 05 1 05 switch
4.8 d5 7.3 15 9 1 1 05 10 0 0 1 15 15 05 05 15 05 05 9 95 0 1 05 95 9 1 05 1 95 0 95 15 1 05 05
4.8 d6 7.3 2 15 1 0 1 1 95 15 0 0 0 15 0 05 0 0 1 1 05 0 0 05 051 05 15 2 15 1 05 95 0 1 9
4.9 d7 7.3 05 95 15 85 1 1 1 05 2 2 2 05 0 2 0 0 05 0 1 15 95 0 15 05 15 0 75 1 15 05
4.9 d8 7.3 05 95 0 1 0 95 05 95 05 2 0 0 95 05 95 0 0 05 1 0 95 9 1 85 1 0 1 1 15 0 15
4.9 d9 7.3 1 1 05 1 1 8 15 0 0 0 1 8 85 0 15 1 05 1 2 0 1 0 05 0 0 1 05 0 05 1 15
4.11 d10 7.3 1 05 0 2 25 3 m 0 0 15 1 15 0 1 05 2 9 05 0 1 2 8 25 0 1 2 15 0 95 15 95 2 05 0 95 75 25 2 85 05
4.11 d11 7.5 0 0 1 05 0 0 0 9 0 0 95 0 1 05 05 0 05 1 1 15 9 2 05 15 0 1 1 15 8 1 15 25 0 0 9 9 1
4.11 d12 7.5 1 1 9 15 2 2 2 0 8 25 0 0 85 2 1 15 1 1 25 15 0 05 15 1 15 05 0 05 1 95 05 1 1 15 9 0 1 0
4.13 d13 7.5 65 t7.6 05 05 05 95 05 9 9 0 95 1 05 1 95 2 05 05 85 95 0 05 9 15 95 05 0 9 2 0 0 0 1
4.13 d14 7.6 0 0 0 1 05 0 1 9 2 95 9 9 1 0 2 1 8 0 15 15 0 0 75 0 0 0 0 0 1 1 15 0 0 95
4.13 d15 7.6 15 0 0 05 0 1 0 15 1 25 05 05 05 1 1 0 1 1 2 2 2 0 1 9 0 75 05 05 05 0
4.14 d16 7.6 1 0 9 9 95 0 05 9 9 0 0 0 25 0 0 95 0 1 1 9 9 2 8 25 1 7 2 15 85 1 85 1 05 0 05
4.14 d17 7.5 95 0 0 15 1 0 0 0 0 95 1 0 0 1 15 0 1 0 1 15 2 0 0 1 15 9 0 2 0 05 0 1
4.14 d18 7.5 0 1 15 95 1 05 95 0 15 05 95 05 15 05 15 15 1 2 0 0 2 15 2 2 1 15 0 15 15 2 15 0 0 2
4.14 d19 7.5 0 15 0 2 15 2 15 2 15 15 05 0 1 25 1 0 0 05 25 15 15 15 8 1 15 1 2 1 15 05 0
4.15 d20 7.5 25 2 1 2 25 15 15 2 2 15 05 15 0 1 1 1 25 0 1 2 1 2 15 15 1 2 1 0 1
4.15 d21 7.5 1 25 1 15 9 95 0 0 1 05 0 95 9 0 1 1 0 85 9 15 1 05 1 15 2 0 15 0 2
4.15 d22 7.9 2 0 2 1 0 15 95 0 1 15 9 15 0 1 1 0 2 0 1 0 2 0 0 05 15 1 2 25 15 15 0
4.15 d23 7.9 0 2 0 0 2 05 10 0 1 2 2 9 0 1 2 15 05 0 12 9 1 2 2 1 0 1 05 0 1 9 8
4.21 d24 7.9 1 15 1 15 15 2 1 0 9 0 1 0 1 1 0 0 1 1 2 1 0 0 0 8 0 0 0 0 05 15 1 05 2 05
4.21 d25 7.9 25 05 0 1 05 1 0 1 1 15 1 2 15 1 15 1 1 05 1 0 1 0 0 2 1 85 0 0 15 15 2
4.21 d26 7.8 0 0 0 0 0 0 1 0 1 0 2 0 0 1 0 15 0 05 15 2 1 0 0 1 05 0 0 05 0 1 1 0 0 9
4.28 d27 7.6 0 05 1 9 0 1 1 1 7 95 0 0 15 0 15 05 1 2 15 15 0 1 0 05 95 0 1 1 0 15 95 0 0
4.28 d28 7.9 0 9 0 85 1 0 9 0 1 05 05 85 9 1 1 85 9 85 0 0 95 15 05 95 0 0 95 0
4.29 d29 7.9 95 05 2 05 9 0 1 15 1 1 15 0 1 15 0 15 9 75 0 0 1 95 05 0 0 0 95 0 1 
4.29 d30 7.9 0 9 9 7 9 0 15 95 0 15 9 95 9 05 0 0 4 9 05 95 95 0 0 1 0 0 95 0 05 95 05 1
4.29 d31 7.9 0 05 05 95 1 0 8 0 1 0 0 0 1 8 1 0 0 0 95 1 0 0 95 0 05 0
4.29 d32 7.6 0 0 05 0 9 0 0 0 0 0 9 0 1 15 95 1 1 0 95 15 05 0 7 1
4.30 d33 7.9 05 95 85 95 95 0 0 7 0 95 0 95 0 95 95 2 8 95 15 05 05 15 0 0 05 95 95 0 0 0 1 15 0 1 7
4.30 d34 7.6 95 2 0 1 75 15 15 95 15 15 05 0 0 05 05 15 0 85 95 0 0 0 1 15 15 15 1 05 0 8
4.30 d35 7.6 2 05 0 0 1 0 15 95 15 95 8 8 9 1 0 0 0 9 8 1 1 1 9 8 0 0 05 05 1 9 0 0 15 0
4.30 d36 7.4 0 1 75 9 0 05 0 0 1 05 05 0 0 1 1 95 0 05 1 0 85 05 05 85 05 9 95 0 1 1
5.4 d37 7.4 0 1 1 15 1 15 0 0 05 15 0 15 1 0 0 05 1 05 05 0 95 0 15 15 2 2 
5.4 d38 7.4 0 05 05 0 05 1 1 95 0 15 05 1 0 0 95 0 15 1 0 0 75 05 95 0 0 05 1 2 0 9 05
5.4 d39 7.4 1 2 0 9 15 0 1 1 15 0 1 0 1 05 1 9 0 1 1 15 1 0 0 8 9 95 15 1 8 1
5.4 d40 7.4 15 0 15 0 0 95 15 9 1 1 9 1 2 0 05 0 2 15 15 0 95 0 95 8 95 1 0 1
5.7 d51 7.5 05 05 95 05 1 15 85 9 0 1 8 05 05 05 9 0 1 0 1 2 1 05 10 2 9 1