3.9 c01 8.3 n 45 5 5 4 6 5 4 45 5 65 75 5 65 65 75 45 4 5 5 5 5  45 45 35 4  4 35 4 6 2 7 3 35 55 45 3 25 6 5 75 4 5 55 4 5 6 4 45 35 5 45 35 45 55 6 45 45 55 3 55 6 5 4 5 55 4 5 5 5 55 
3.10 c02 8.5  7 5 6 6 6 55 7 6 55 5 5 4 6 4 4 5 45 4 35 4 5 4 5 5 5 5 3 5 4 45 35 3 5 45 4 3 3 4 45 4 3 3 4  45 4 5 4 6 5 3 6 5 5 5 
3.10 c03 8.5 5 55 5 4 45 5 45 5 6 45 4 4 5 6 5 5 45 4 6 35 4 4 5 55 5 5 5 5 55 5 5 6 4 5 4 65 4 5 5 5 6 5 45 35 6 5 95 m 5 5 4 55 
3.10 c04 8.5 4 65 55 5 4 3 65 65 5 75 35 5 4 5 5 3 5 45 55 65 45 35 4 4 5 7 55 55 45 3 4 
3.11 c05 ? 6 4 4 55 6 55 3 5 45 45 65 4 5 4 4 2 65 65 3 55 45 45 35 55 5 5 35 6 5 4 5 65 5 35 5 5 45 5 5 6 5 5 6 65 8 85 7 t 
3.12 c06 ? 3 4 3 4 3 3 5 5 3 5 3 4 3 5 5 4 45 45 45 4 5 4 5 3 35 4 5 3 45 35 4 45 5 5 35 6 4 5 3 5 35 6 5 6 5  
3.12 c07 ? 5 65 65 75 t 2 6 6 4 5 45 5 7 8  t 3 45 45 35 35 65 35 3 25 65 1 4 5 5 5 65 3 5 3 2 5 2 5 25 5 4 5 5 55 45 2 5 6 25 25
3.12 c08 9.0 5 5 5 6 6 65 7 7  t 45 4 35 4 6 5 35 5 5 6  6 65 6 55 55 45 35 6 3 4 5 5 5 4 75 75 t 65 45 55 5 65 3 5 3 4 5 6 5 3 3 25 5 55 
3.12 c09 9.1 8 2 3 4 5 55 45 4 5 55 6 4 5 5 55 6 9 55 5 5 6 95 1 65 5 35 4 3 4 55 45 4 4 5 55 4 4 35 5 5 35 55 5 5 5 1 3 4 55 5 55 5 55 55 4 4 5 6 5 5 4 6 45 2 3 35 45 5 3 
3.13 c10 10.2 6 45 5 45 7 5 5 45 5 65 65 5 6 65 7 6 3 6 95 5 6 2 3 4 45 5 75 4 5 6 6 35 4 2 8 5 5 5 5 45 5 5 55 5 5 5 5 7 t 6 6 4 45 6 45 4 5 
3.13 c11 10.2 6 35 2 4 6 35 4 5 65 4 35 55 6 4 35 65 65 4 6 55 5 4 55 55 65 65 35 5 6 55 65 65 5 4 35 35 4 5 5 5 5 55 55  
3.13 c12 ? n 35 35 6 65 35 5 6 4 6 5 5 65 3 5 4 5 5 65 3 5 35 55 6 35 6 75 3 4 2 2 35 3 4 2 t 5 3 25 35 4 4 35 3 2 5 35 3 5 4 25 5 45 55 25 4 35 35 
3.14 c13 ? 5 35 4 35 5 35 35 35 1 2 5 2 6 2 35 15 5 5 2 5 4 4 4 4 75 6 4 4 4 5 3 35 4 25 35 55 5 35 4 4 4 35 2 5 8 6 6 9 t 2 4 4 35
3.14 c14 ? 1 5 55 4 65 4 9 6 5 4 35 4 5 4 4 4 2 6 3 3 4 6 55 6 35 5 4 4 2 3 5 5 4 45 45 5 65 2 5 4 4 2 35 5 55 4 5 3 
3.14 c15 ? 4 45 5 3 3 45 3 2 2 35 4 5 35 3 25 4 35 5 4 54 3 3 4 3 3 4 35 5 3 25 4 4 5 15 4 35 35 4 25 3 4 2 35 
3.19 c16 ? 4 35 2 2 3 3 4 2 55 3 45 2 3 4 4 35 3 4 35 3 4 5 4 4 5 25 4 35 55 4 35 45 55 3 3 2 4 2 4 35
3.19 c17 ? 3 65 2 35 25 45 3 45 55 4 5 5 5 55 3 35 2 4 5 7 45 45 25 4 5 56 35 5 45 45 5 4 35 5 25 6 6 35 2 
3.19 c18 ? 35 4 35 4 6 4 5 3 4 25 35 4 65 45 5 4 4 5 5 5 6 5 4 4 4 95 t 5 55 55 4 55 5 55 5 6 55 8 t
3.19 c19 ? 35 25 2 2 4 65 5 5 45 5 65 45 6 5 3 25 5 55 5 4 55 3 4 45 5 35 45 5 45 35 45 4 5 6 
3.20 c20 9.2 4 45 45 3 6 55 6 65 5 4 45 5 5 5 5 5 65 t 15 2 35 55 5 35 35 35 4 5 2 4 55 35 35 5 55 45 
3.20 c21 9.2 45 5 45 3 3 6 5 5 55 5 45 5 55 35 65 5 3 55 5 5 6 55 55 65 45 5 5 5 65 5 7 3 4 4 5 5 45 5 4 5 5 
3.20 c22 9.2 5 7 65 7 t 5 5 4 95 l 5 4 4 5 3 8 m 3 4 5 3 3 5 5 5 2 4 65 45 5 5 4 5 95 l 5 5 5 2 2 0 0 t 2 4 4 
3.20 c23 9.2 5 6 45 4 6 5 5 5 6 4 3 45 45 65 2 5 4 5 1 3 5 4 3 4 6 6 5 5 6 7 75 t 4 6 8 t 2 4 6 5 6 45 4 55 4 5 45 3 
3.21 c24 9.1 n 4 9 5 15 4 6 15 15 t 5 3 4 35 3 4 5 5 6 6 6 6 65 65 75 t 4 5 6 3 5 6 4 5 5 5 5 55 65 5 5 5 5 5 6 3 5 5 45 35 5 55 65 6 6 
3.21 c25 9.1 55 6 65 8 t 5 5 5 5 5 6 5 4 35 5 25 65 5 65 3 5 5 5 65 5 55 5 6 6 3 5 3 
3.21 c26 7.1 2 3 5 5 5 3 5 4 3 5 55 6 5 7 5 65 5 6 5 3 5 65 7 5 5 2 5 35 4 4 4 0 5 1 4 3 4 6 4 3 5 7 5 
3.25 c27 9.1 n 5 6 6 5 55 4 3 5 3 9 t 5 5 6 55 5 4 5 9 4 7 9 7 t 5 5 5 3 3 1 5 3 5 35 5 3 4 4 5 65 5 4 7 4 2 4 5 4 5 5 5 5 5 6 8 5 8 t 6 7 4 35 5 6 3 
3.25 c28 9.0 4 35 4 6 5 3 5 7 9 t 5 5 5 3 5 2 5 6 7 6 5 2 3 2 3 4 5 4 7 4 5 5 35 5 4 5 4 35 3 2 3 3 3 3 3 5 6 35 4 4 45 3 
3.25 c29 8.9 4 5 6 4 5 95 m 4 5 3 4 4 5 5 3 3 5 4 5 4 5 5 5 4 4 35 5 7 6 5 5 35 75 3 5 5 5 3 3 5 
3.25 c30 8.9 3 2 35 4 2 3 35 35 4 4 3 35 35 65 5 5 5 3 4 35 4 5 4 5 5 5 5 5 5 4 45 45 55 55 5 6 6 45 5 6 9 t 4 4 4 4 5 5 4 4 55 
3.26 c31 8.8 35 4 4 45 4 7 5 3 4 45 6 4 4 3 2 4 45 4 35 4 4 35 3 5 5 4 4 4 4 4 5 4 4 5 5 4 4 5 
3.26 c32 8.8 5 4 4 5 5 4 4 45 5 3 5 5 5 5 6 3 4 5 5 5 55 5 5 5 6 4 45 5 4 5 4 45 4 5
3.26 c33 8.8 5 6 5 45 4 5 4 5 4 4 5 5 55 5 5 4 55 5 5 5 5 6 5 2 5 5 6 4 5 4 6 7 8 m 3 4 5 5 6 5 4 
3.27 c34 8.8 4 4 5 5 5 5 5 5 6 8 6 5 5 45 5 8 t 5 5 5 5 4 5 45 4 4 5 3 55 4 25 4 3 2 5 3 3 55 4 5 5 4 5 4 5 5 5 
3.27 c35 8.8 2 6 5 5 4 1 t 4 5 4 5 45 5 5 5 5 5 5 35 5 5 5 5 4 4 5 4 5 5 5 5 45 65 5
3.27 c36 8.9 6 5 5 2 4 5 6 55 5 3 4 3 55 5 5 55 4 5 4 5 5 35 5 5 5 5 65 4 5 5 3 5 7 4 5 4 
3.27 c37 8.9 5 5 5 5 5 4 4 4 5 35 5 5 35 5 4 5 6 5 4 5 5 5 5 5 5 5 5 4 5 5 5 5 5 65 6 5 5 
3.28 c38 8.9 5 6 5 5 45 1 5 3 5 4 4 5 3 4 65 2 4 5 45 5 7 7 t 5 35 4 5 4 5 4 4 5 45 4 4 55 4 5 5 25 5 5 4 4 35 5 
3.28 c39 8.9 5 5 4 4 5 4 4 4 5 5 4 45 5 5 5 5 4 45 4 35 4 5 3 4 3 4 4 5 5 4 5 5 4 
3.28 c40 8.9 4 5 35 4 3 4 55 35 4 3 8 5 6 5 4 5 5 6 8 t 5 4 4 5 5 6 8 6 t 3 4 3 4 6 4 5 4 3 45 5 3 5 2 5 6 75 3 35 7 3 3 3 15 5 3 2 55 
3.28 c41 8.9 4 45 4 5 4 5 35 8 4 4 5 7 4 5 5 5 5 6 5 45 55 4 45 6 35 2 2 4 4 4 5 5 35 3 4 35 2 3 4 3 4 4 
3.31 c42 8.8 4 3 4 35 35 1 t 45 45 4 45 3 4 25 3 4 5 2 3 5 4 45 5 4 5 4 7 4 8 m 4 4 5 5 5 45 4 4 7 4 5 45 5 5 4 5 35 35 4     
 4.7 c01 8.5 4 5 65 5 55 6 5 5 4 55 5 5 6 55 65 65 5 55 5 5 5 5 5 4 65 5 4 7 5 6 4 6 5 4 35 55 45 55
4.7 c02 8.9 5 6 35 35 55 6 4 5 4 45 6 5 4 5 5 5 55 4 45 5 5 55 4 5 25 4 4  45 5 45 35 5 65 5 
4.16 c03 8.8 4 35 5 4 4 35 4 5 5 5 55 5 45 4 55 35 5 5 5 5 4 5 45 35 5 4 45 5 5 
4.16 c04 6.9 5 6 55 6 5 5 5 4 5 5 4 5 5 5 5 5 5 5 5 45 5 l 5 5 4 5 
4.17 b01 7.3 4 5 6 65 6 5 6 7 6 65 55 6 45 5 65 6 65 5 65 5 7 6 7 5 6 5 5 6 65 7 7 5 6 7 55
4.17 b02 7.4 65 65 55 65 5 65 75 t 6 5 5  6 7 8 5 6 5 55 55 7 5 6 6 55 7 6 65 75 l 7 5 6 5 6 6 
4.17 b03 8.0 4 5 65 6 7 8 6 7 7 t 5 4 5 65 8 6 7 45 5 5 6 6 35 55 5 5 5 5 5 5 5 5  5 5 5 5 5 55 65 5 5 
4.17 b04 8.1 5 5 55 55 6 5 5 6 5 55 6 6 6 6 4 5 55 65 5 7 5 8 5 6 65 6 7 65 4 65 6
4.18 b05 8.4 6 7 55 6 6 55 5 5 5 6 7 5 5 5 5 6 6 6 55 5 6 45 65 4 5 6 6 45 65 4 5 6 6 45 6 5 6 5 
4.18 b06 8.4 6 55 65 6 6 7 6 7 55 6 5 5 5 5 5 5 55 5 55 55 5 55 5 6 65 5 6 65 
4.18 b07 8.4 7 65 65 55  6 5 7 65 7 65 5 6 5 5 7 65 6 65 6 6 5 6 5 5 5 6 7 5 6 
4.18 b08 8.4 5 6 5 6 5 45 6 5 45 5 5 6 5 5 5 45 55 6 6 5 4 45 55 55 55 65 55 5 
4.20 b09 8.5 65 4 5 5 6 5 7 55 4 6 65 4 7 5 5 6 7 5 55 55 5 5 4 55 5 5 5 
4.20 b10 8.5 70 5 7 5 5 6 35 7 5 7 65 5 45 5 7 7 5 5 6 6 5 7 5 5 55 55 55 5 5 55 65 
4.20 b11 8.5 65 55 5 65 55 4 55 5 5 4 4 5 5 5 5 5 55 5 5 5 5 5 6 65 6 65 7 55 
4.20 b12 8.5 5 7 5 55 5 5 6 7 5 6 7 7 5 6 55 65 6 5 55 65 55 65 
4.21 b13 8.5 7 6 65 7 5 65 75 5 7 6 7 55 75 7 7 6 55 65 6 6 6 5 6 55 55 7 55 5 65 7 7 65 75 7 6 65 5 7 
4.21 b14 8.5 5 55 65 7 6 8 7 75 45 6 7 5 65 5 6 7 4 45 1 t 5 6 65 5 5 
4.22 b15 6.6 n 65 6 5 55 65 7 5 5 5 6 7 65 5 6 6 6 65 5 65 5 65 7 65 55 5 7 6 55 5 65 65 4 7 65 6 
4.22 b16 6.6 55 5 65 7 65 6 6 5 65 65 7 5 6 5 5 6 5 5 55 55 65 55 6 65 55 55 65 6 7 7 5 5 5 65 55 55 
4.22 b17 6.6 55 6 65 6 55 55 6 5 6 55 55 5 6 5 6 6 7 55 55 6 5 6 7 5 5 6 6 7 55 5 6 65 65 5 6
4.22 b18 6.5 6 7 5 6 6 6 5 6 7 5 6 55 6 6 5 65 5 5 4 5 55 5 6 65 7 5 
4.23 b19 6.6 65 7 5 65 55 7 7 7 65 6 6 5 55 6 6 5 75 6 5 65 55 55 6 7 6 65 6 7 55 6 5 65 65 5 65 
4.23 b20 6.9 7 5 5 6 55 55 6 65 7 6 6 6 65 6 7 6 7 5 7 5 6 7 6 6 4 6 5 6 5 6 
4.23 b21 6.9 5 6 65 5 6 5 6 55 65 55 6 65 55 4 5 65 7 5 7 6 65 6 55 65 55 5 5 65 6 6 6 5 6 5 5 5 65 45 
4.25 b22 6.9 45 55 5 3 5 3 15 t 4 5 6 6 5 65 7 6 65 5 6 55 5 65 6 7 5 65 5 5 8
4.25 b23 6.6 5 5 65 7 7 65 7 6 65 65 5 7 5 55 55 7 5 5 5 5 65 55 5 5 6 5 6 6 5 5 5 5 5 6 5 
4.25 b24 6.6 55 55 5 5 5 6 6 6 55 55 5 4 7 55 6 5 65 5 6 8 6 5 7 5 65 65 5 65 
4.25 b25 6.6 5 65 5 75 6 7 7 7 t 3 5 45 5 55 55 5 45 4 3 5 7 5 55 4 6 6 4 5 5 4 6 
4.28 b26 7.1 6 65 6 5 5 6 55 55 65 5 5 5 65 35 5 5 4 6 55 35 45 5 55 75 6 4 3 5 65 5 5 
4.28 b27 7.0 6 6 55 65 75 6 7 6 55 7 55 5 55 55 5 5 55 5 5 55 55 7 7 65 65 7 6 5 55 75 5 6 65 55 55 7 6 6 6 65 7 7 6 
4.30 b28 8.2 n 7 7 6 65 8 6 65 5 5 5 4 5 5 5 6 65 7 6 6 7 6 8 t 55 5 6 7 65 6 65 6 55 
5.5 b29 8.7 5 5 65 7 55 5 75 65 65 75 65 65 7 55 75 4 6 7 7 5 6 5 7 6 65 5 5 6 6 6 55 75 65 65 5 55 4 5 65 6 65 55 65 65 55 65 55 55 65 65 
5.5 b30 8.8 5 45 65 45 55 55 5 5 6 5 65 65 65 65 65 55 55 45 65 65 5 65 6 6 6 45 65 7 55 45 65 65 5 65 6 6 6 45 65 7 55 6 55 55
5.5 b31 8.8 5 6 65 6 5 6 5 4 5 65 65 65 55 6 75 5 6 5 65 55 4 6 5 6 65 55 55
5.5 b32 8.7 5 65 6 6 5 45 6 7 5 6 6 7 5 6 6 6 65 6 6 7 5 55 55 7 55 55 7 5 55 65 5 6 65 
5.6 b33 8.8 6 7 7 55 4 6 5 55 75 7 4 6 7 5 6 55 55 7 55 6 65 65 65 6 55 7 55 6 65 65 65 6 55 7 65
5.6 b34 8.8 55 7 6 5 6 7 6 6 6 7 t 65 5 6 5 65 65 7 65 7 55 55 65 7 55 55 65 6 4 75 7 65 65 7 55 65 55 65
5.6 b35 9.3 7 75 6 7 55 55 65 55 65 65 65 7 6 7 7 65 6 6 65 6 65 7 65 65 65 55 6 7 7 7 6 5 7 7
5.6 b36 9.3 7 6 55 7 6 65 65 75 7 65 7 6 65 65 6 65 65 65 6 5 6 65 65 6 5
5.7 b37 9.3 5 7 55 65 6 7 75 7 65 5 55 65 t 5 4 7 6 65 5 6 5 6 75 65 6 5 6 5 45 5 65 65 6 7 
5.7 b38 9.8 n 5 6 75 6 6 6 6 5 5 75 t 5 65 7 5 55 5 6 65 65 4 6 55 4 5 75 65 8 7 6 5 65 6 65 65 65 6 7 65 55 65 7 7 7 7 6 65
5.8 b39 8.8 65 6 7 65 6 6 55 7 65 7 7 7 7 65 7 6 65 65 75 6 65 8 l 65 55 6 7
5.8 b40 8.8 65 65 65 55 6 7 6 6 55 6 6 65 55 65 7 65 65 5 5 l 6 65 7 65 65 5 7 65 5 5 6 
5.11 b41 9.3 6 55 5 5 65 65 7 65 7 6 65 65 65 7 7 7 7 7 7 7 t 65 55 65 7 65 7 65 7 65 7
5.11 b42 9.4 65 6 65 7 7 6 65 65 7 6 7 5 5  65 65 6 75 75 8 t 5 55 75 6 6 7 65 7 65
5.11 b43 9.5 7 6 6 65 7 65 6 65 6 65 6 65 65  5 6 65 6 55 7 65 7 55 65 7 65 65 6 6 7 6 6 65 65 6 6 6 6 
5.18 b44 9.6 65 7 6 65 65 6 6 7 8 t 4 65 65 55 75 4 6 7 5 6 5 55 75 55 45 4 55 6 65 65 45 55 5
5.18 b45 9.9 6 55 55 5 7 65 5 6 5 6 55 5 5 65 5 6 65 6 65 65 55 65 6 7 5 5 5 
5.18 b46 9.9 5 6 65 55 7 t 65 7 6 5 45 55 5 6 5 3 3 5 35 4 35 t 45 5 4 5 45 6 55 7 5 5 5 7 7 5 5 5 65
5.18 b47 10.0 6 75 6 6 6 65 7 8 5 65 5 5 5 4 5 2 4 4 45 5 4 4 4 55 5 5 45 45 4 45 5 5 45  
5.19 b48 10.1 5 5 45 5 55 55 5 5 45 55 55 55 55 45 6 55 5 65 5 5 5 5 5 5 5 555 6 65 55 6 
5.20 b49 9.6 n 5 65 55 6 75 7 8 7 t 6 65 5 5 6 6 8 6 5 55 5 6 7 5 65 5 6 65 65 7 65 6 6 6 7 55 5 65 55 5 7 65
5.20 b50 9.7 6 65 7 6 5 35 65 7 6 65 7 6 65 55 55 65 6 7 6 5 5 5 55 5 6 5 7 75 7 7 65 65 7
5.20 b51 10.0 5 6 45 65 65 65 7 5 65 7 8 5 6 5 55 75 8 t 5 65 55 4 5 5 5 4 4 55 5 5 2 4 5 45
5.20 b52 10.0 55 6 6 5 5 55 55 5 6 5 5 5 6 6 45 4 6 4 5 6 6 65 7 55 6 6 5 6
5.21 b53 9.7 6 65 5 5 6 6 5 65 5 5 6 5 65 5 4 6 5 6 65 5 5 5 7 5 5 5 7 75 65 6 65 6 6 6 7 
5.21 b54 9.7 65 7 7 6 7 7 75 7 7 4 5 5  7 55 45 5 4 5 55 65 5 65 7 55 6 75 55 7 7 65 6 6 6 
5.21 b55 9.9 55 6 7 7 5 5 65 65 5 6 4 5 65 65 65 7 5 5 4 5 45 55 5 5 5 5 6 55 7 7 
5.22 b56 9.9 65 6 5 4 55 75 5 65 7 65 t 5 75 7 6 6 7 7 8 8 45 6 85 85 6 6 65 7 3.5 65 6 65 5 55 75 5 7 6 6 45 7 65 35 4 5 
5.22 b57 7.7 n 5 4 5 35 4 4 4 55 5 4 5 5 5 5 5 5 4 5 6 5 6 5 5 5 5 55 5 5 6 5 5 5 5 5 5 5 5
5.22 b58 7.7 4 4 4 5 5 35 5 4 5 5 5 5 55 5 5 5 6 65 7 5 55 55 4 5 5 5 4 5 55 5 5 
5.23 b59 7.7 55 45 5 45 6 5 5 5 5 55 5 45 6 5 5 45 55 5 55 5 5 5 45 7 5 5 5 
5.23 b60 7.7 5 5 35 4 6 5 55 5 5 65 5 5 5 5 55 5 6 65 5 5 5 5 55 5 5 65 55 6
5.23 b61 7.7 4 5 6 4 5 5 5 5 4 5 56 5 5 6 6 6 6 6 4 4 5 55 6 5 5 55 6 4 5 5 5
5.23 b62 10.2 2 4 5 4 7 6 6 5 45 45 5 5 5 5 5 3 4 5 5 65 6 4 45 7 5 3 5 5 6 7 5 5 5 7
5.23 b63 10.2 45 4 55 5 4 5 5 6 5 3 35 5 5 5 6 4 3 65 65 65 4 6 65 6 55 6 25 55 6 35
5.22 b64 10.2 45 6 6 65 6 6 3 65 65 5 5 6 6 5 55 6 5 55 65 6 6 5 6 5 4 6 7
5.23 b65 10.2 5 5 5 5 65 5 5 5 6 5 4 5 5 5 5 35 6 5 5 5 5 5 5 5 5
5.24 b66 7.7 6 5 45 5 5 6 5 45 4 45 65 65 35 45 45 5 45 6 5 6 5 5 55 5 55 55 65 6 5
5.25 b67 8.3 5 45 7 5 45 5 35 55 5 6 6 65 5 4 5 5 5 65 5 5 5 55 5 75 45 5 5 5
5.25 b68 8.3 6 6 6 6 6  6 3 5 5 5 45 6 5 5 5 5 55 65 6 5 55 5 5 55
5.25 b69 8.3 5 5 6 6 5 6 65 65 55 5 6 5 5 5 6 5 65 5 4 5 65 5 6  6
5.25 b70 8.3 5 5 3 6 5 5 5 5 5 6 5 5 5 5 55 55 5 5 5 55 6 5 5 55 65 5 55
5.26 b71 8.3 4 6 5 6 5 5 5 55 5 5 5 5 5 65 55 55 65 5 5 5 56 6 4 5 7  6 5 6 5 65 4 65 5
5.26 b72 8.3 6 5 5 5 6 5 5 5 6 5 5 5 6 5 45 5 5 6 6 5 5 6 65 5
5.26 b73 8.3 5 6 65 6 65 55 5 4 45 5 65 6 6 7 5 6 5 5 6 5 5 6 65 65 55
5.26 b74 8.3 6 5 5 5 65 6 5 5 65 6 5 55 6 7 7 t 55 5 6 55 6 65 65 65 6 5 5 6 65 5 55
5.27 b75 8.5 3 65 65 55 55 6 5 7 65 65 7 6 7 65 75 m 65 6 65 6 55 65 65 6 5 7 5 55 55 6 7