switch t8.9 5 5 5 6 6 65 7 7  t9.0 45 4 35 4 6 5 35 5 5 6  6 65 5 6 55 55 45 35 6 3 4 5 5 5 4 75 75 t9.2 65 45 55 5 65 3 5 3 4 5 6 5 3 3 25 5 55 t9.1 8 2 3 4 5 55 45 4 5 55 6 4 t9.2 45 5 45 3 3 6 5 5 55 5 45 5 55 35 65 5 3 55 5 5 6 55 55 65 45 5 5 5 65 5 7 3 4 4 5 5 45 5 4 5 5 5 7 65 7 t9.4 5 5 4 99 l 5 4 4 5 3 8 m 3 4 5 3 3 5 5 5 2 4 65 45 5 5 4 5 99 l 5 5 5 2 2 0 0 t9.2 2 4 4 5 6 45 4 6 5 5 5 6 4 3 45 45 65 2 5 4 5 1 3 5 4 3 4 6 6 5 5 6 7 75 
switch t6.8 3 4 5 5 6 6 6 6 65 65 75 t7.1 4 5 6 3 5 6 4 5 5 5 5 55 65 5 5 5 5 5 6 3 5 5 45 35 5 55 65 6 6 55 6 65 8 2 3 5 5 5 3 5 4 3 5 55 6 5 7 5 65 5 6 5 3 5 65 7 5 5 2 5 35 4
switch t8.7 5 6 6 5 55 4 3 5 3 9 t9.1 5 5 6 55 5 4 5 9 4 7 9 7 t8.7 5 5 5 3 3 1 5 3 5 35 5 3 4 4 5 65 5 4 7 4 2 4 5 4 5 5 5 5 5 6 8 5 8 t8.6 4 35 4 6 5 3 5 7 9 t9.2 5 5 5 3 5 2 5 6 7 6 5 t9.4 2 3 2 3 4 5 4 7 4 5 5 35 5 4 5 4 35 3 2 3 3 3 3 3 5 6 35 4 4 45 3 t8.9 4 5 6 4 5 99 m 35 2 4 5 3 4 4 5 5 3 3 5 4 5 4 5 5 5 4 4 35 5 7 6 5 5 35 75 3 5 5 5 3 3 5 3 2 35 4 2 3 35 35 4 4 3 35 35 65 5 5 5 3 4 35 4 5 4 5 5 5 5 5 5 4 45 45 55 55 5 6 6 45 5 6 9 t8.8 4 4 4 4 5 5 4 4 55 35 4 4 45 4 7 5 3 4 45 6 4 4 3 2 4 45 4 35 4 4 35 3 5 5 4 4 4 4 4 5 4 4 5 5 4 4 5 5 4 4 5 5 4 4 45 5 3 5 5 5 5 6 3 4 5 5 5 55 5 5 5 6 4 45 5 4 5 4 45 4 5 5 6 5 45 4 5 4 5 4 4 5 5 55 5 5 4 55 5 5 5 5 6 5 2 5 5 6 4 5 4 6 7 8 m 3 4 5 5 6 5 4 4 4 5 5 5 5 5 5 6 8 6 5 5 45 5 8 t9.0 5 5 5 5 4 5 45 4 4 5 3 55 4 25 4 3 2 5 3 3 55 4 5 5 4 5 4 5 5 5 2 6 5 5 4 1 t8.5 4 5 4 5 45 5 5 5 5 5 5 35 5 5 5 5 4 4 5 4 5 5 5 5 45 65 5 t8.9 6 5 5 2 4 5 6 55 5 3 4 3 55 5 5 55 4 5 4 5 5 35 5 5 5 5 65 4 5 5 3 5 7 4 5 4 5 5 5 5 5 4 4 4 5 35 5 5 35 5 4 5 6 5 4 5 5 5 5 5 5 5 5 4 5 5 5 5 5 65 6 5 5 5 6 5 5 45 1 5 3 5 4 4 5 3 4 65 2 4 5 45 5 7 7 5 35 4 5 4 5 4 4 5 45 4 4 55 4 5 5 25 5 5 4 4 35 5 5 5 4 4 5 4 4 4 5 5 4 45 5 5 5 5 4 45 4 35 4 5 3 4 3 4 4 5 5 4 5 5 4 4 5 35 4 3 4 55 35 4 3 8 5 6 5 4 5 5 6 8 5 4 4 5 5 6 8 6 t9.3 3 4 3 4 6 4 5 4 3 45 5 3 5 2 5 6 75 3 35 7 3 3 3 15 5 3 2 55 
switch t9.1 2 2 4 4 4 5 5 35 3 4 35 2 3 4 3 4 4 4 3 4 35 35 1 t8.8 45 45 4 45 3 4 25 3 4 5 2 3 5 4 45 5 4 5 4 7 4 8 m 4 4 5 5 5 45 4 4 7 4 5 45 5 5 4 5 35 35 4     
switch t8.5 4 5 65 5 55 6 5 5 4 55 5 5 6 55 65 65 5 55 5 5 5 5 5 4 65 5 4 7 5 6 4 6 5 4 35 55 45 55 t8.9 5 6 35 35 55 6 4 5 4 45 6 5 4 5 5 5 55 4 45 5 5 55 4 5 25 4 4  45 5 45 35 5 65 5 t8.8 4 35 5 4 4 35 45 5 5 5 t8.6 4 5 5 65 5 5 5 5 5 5 5 55 5 45 4 55 5 5 5 5 5 4 5 45 35 5
switch t6.9 5 6 55 6 5 5 5 4 5 5 4 5 5 5 5 5 5 5 5 45 5 l 5 5 4 5 t7.3 4 5 6 65 6 5 6 7 6 65 55 6 45 5 65 6 65 5 65 5 7 6 7 5 6 5 5 6 65 7 7 5 6 7 55 65 65 55 65 5 65 75 t7.4 6 5 5  6 7 8 5 6 5 55 55 7 5 6 6 55 7 6 65 75 l 7 5 6 5 6 6 t7.8 4 5 65 6 7 8 6 7 7 t8.0 5 4 5 65 8 6 7 45 5 5 6 6 35 55 5 5 5 5 5 5 5 5  5 5 5 5 5 55 65 5 5 t8.1 5 5 55 55 6 5 5 6 5 55 6 6 6 6 4 5 55 65 5 7 5 8 5 6 65 6 7 65 4 65 6 t8.4 6 7 55 6 6 55 5 5 5 6 7 5 5 5 5 6 6 6 55 5 6 45 65 4 5 6 6 45 65 4 5 6 6 45 6 5 6 5 6 55 65 6 6 7 6 7 55 6 5 5 5 5 5 5 55 5 55 55 5 55 5 6 65 5 6 65 7 65 65 55  6 5 7 65 7 65 5 6 5 5 7 65 6 65 6 6 5 6 5 5 5 6 7 5 6 5 6 5 6 5 45 6 5 45 5 5 6 5 5 5 45 55 6 6 5 4 45 55 55 55 65 55 5 t8.5 65 4 5 5 6 5 7 55 4 6 65 4 7 5 5 6 7 5 55 55 5 5 4 55 5 5 5 7 5 7 5 5 6 35 7 5 7 65 5 45 5 7 7 5 5 6 6 5 7 5 5 55 55 55 5 5 55 65 65 55 5 65 55 4 55 5 5 4 4 5 5 5 5 5 55 5 5 5 5 5 6 65 6 65 7 55 t8.5 5 7 5 55 5 5 6 7 5 6 7 7 5 6 55 65 6 5 55 65 55 65 7 6 65 7 5 65 75 5 7 6 7 55 75 7 7 6 55 65 6 6 6 5 6 55 55 7 55 5 65 7 7 65 75 7 6 65 5 7 5 55 65 7 6 8 7 75 45 6 7
switch t6.6 65 6 5 55 65 7 5 5 5 6 7 65 5 6 6 6 65 5 65 5 65 7 65 55 5 7 6 55 5 65 65 4 7 65 6 55 5 65 7 65 6 6 5 65 65 7 5 6 5 5 6 5 5 55 55 65 55 6 65 55 55 65 6 7 7 5 5 5 65 55 55 55 6 65 6 55 55 6 5 6 55 55 5 6 5 6 6 7 55 55 6 5 6 7 5 5 6 6 7 55 5 6 65 65 5 6 6 7 5 6 6 6 5 6 7 5 6 55 6 6 5 65 5 5 4 5 55 5 6 65 7 5 65 7 5 65 55 7 7 7 65 6 6 5 55 6 6 5 75 6 5 65 55 55 6 7 6 65 6 7 55 6 5 65 65 5 65 t6.9 7 5 5 6 55 55 6 65 7 6 6 6 65 6 7 6 7 5 7 5 6 7 6 6 4 6 5 6 5 6 5 6 65 5 6 5 6 55 65 55 6 65 55 4 5 65 7 5 7 6 65 6 55 65 55 5 5 65 6 6 6 5 6 5 5 5 65 45 45 55 5 3 5 3 15 t6.6 4 5 6 6 5 65 7 6 65 5 6 55 5 65 6 7 5 65 5 5 8 5 5 65 7 7 65 7 6 65 65 5 7 5 55 55 7 5 5 5 5 65 55 5 5 6 5 6 6 5 5 5 5 5 6 5 55 55 5 5 5 6 6 6 55 55 5 4 7 55 6 5 65 5 6 8 6 5 7 5 65 65 5 65 5 65 5 75 6 7 7 7 t7.2 3 5 45 5 55 55 5 45 4 3 5 7 5 55 4 6 6 4 5 5 4 6 t7.1 6 65 6 5 5 6 55 55 65 5 t7.0 5 65 35 5 5 4 6 55 35 45 5 55 75 6 4 3 5 65 5 5 6 6 55 65 75 6 7 6 55 7 55 5 55 55 5 5 55 5 5 55 55 7 7 65 65 7 6 5 55 75 5 6 65 55 55 7 6 6 6 65 7 7 6 
switch t9.9 45 4 4 45 4 45 45 5 55 55 5 35 t9.6 55 5 4 55 5 45 4 5 45 55 5 5 55 5 5 55 5 4 5 5 45 57 5 45 6 55 
switch t10.4 35 5 5 6 35 55 6 55 3 45 3 45 55 4 45 5 55 5 4 55 6 4 5 45 7 l m 5 3 5 65 6 65 65 t10.7 4 4 4 3 3 4 4 3 3 6 4 4 45 6 4 5 6 5 5 45 65 55 5 5 55 55 55 45 6 65 55 
switch t10.4 4 7 5 5 45 6 55 5 5 55 65 5 55 6 5 55 65 t10.9 5 48 45 3 3 4 4 5 5 4 5 65 5 45 65 5 5 
switch t10.9 7 45 8 5 5 55 7 7 5 7 55 6 2 m 5 5 55 55 45 4 45 6 3 35 1 35 5 35 4 5 45 5 65 4 5 1 2 t9.4 4 4 25 5 65 3 5 55 5 65 6 3 2 45 55 4 45 5 55 45 45 5 5 55 55 6 6 
switch t9.4 5 5 5 55 5 6 6 7 6 6 6 6 75 3 55 5 6 7 5 8 t9.8 5 5 6 6 5 6 65 3 5 45 6 4 7 55 65 4 5 45
switch t10.3 7 5 55 5 5 6 6 6 55 45 5 5 8 5 4 6 65 5 5 5 8 5 6 6 55 8 45 5 75 5 7 5 8 t10.8 65 6 75 4 4 6 65 5 4 5 6 5 5 4 35 4 4 4 4 45 4 4 65 5 5 6 4 2 t10.3 5 25 5 5 3 5 5 8 t10.5 5 45 5 5 2 0 t10.2 6 65 6 3 5 5 25 5 2 45 65 45 6 5 4 6 5 5 6 5 55 5 75 5
switch t9.8 4 6 5 75 5 5 6 55 55 65 5 3 55 6 6 45 55 65 5 6 56 8 6 5 7 65 75 55 65 8 45 65 75 t10.5 55 5 35 5 4 5 55 4 6 5 3 5 55
switch t8.8 55 45 5 6 55 6 55 6 55 55 6 5 6 6 6 65 55 65 5 5 4 6 55 55 6 55 4 55 3 5 6 55 6 6 55 5 99 t10.1 35 35 4 3 55 55 3 5 55 5 5 4 4 3 5 45 35 55 5 4 5 5 5 5 4 4 45 3 4 5 5 5 35 35 3
switch t9.2 6 5 55 55 55 65 65 75 7 55 6 6 65 55 7 5 7 65 5 6 65 55 6 55 7 t9.8 55 5 6 55 6 55 5 55 6 55 7 6 55 55 55 65 5 5 55 55 55 7 5 55 55 5 5 65 6 8 5 55 45 65 t10.2 55 65 45 45 5 5 5 5 4 45 45 55 55 35 45 5 7 5 5 5 5 55 5 55 6 6 5 5 45 6 5 65 5 5 5 5 6 55 6 55 6 6 5 5 6 5 55 5 45 5 4 6 5 45 5 6 5 65 8 t10.3 6 6 5 5 5 5 5 5 35 5 55 6 7 5 5 3 5 5 5 6 5 5 7 6
switch t7.2 5 4 5 5 5 5 55 2 35 5 55 3 6 5 3 55 4 3 3 5 3 6 35 4 5 6 6 3 3 5 3 3 4 5 4 45 5 6 6 7 5 8 75 8 t8.2 5 55 55 6 5 55 55 5 65 65 55 5 65 65 55 55 5 5 6 55 6 5 6 65 55 5 55 5 65 55 65 4 4 4 7 4
switch t8.2 55 55 6 5 5 5 55 55 4 5 6 4 5 3 5 5 4 65 5 6 5 6 t9.4 5 6 3 5 5 3 5 5 45 5 4 4 2 4 5 4 4 5 1 2 15 t8.6 5 5 3 6 5 5 5 6 6 5 5 5 4 45 5 5 5 45 5 5 55 45 4 4 6 45 45 4 5 55 45 55 3 4 6 56 56 3 5
switch t6.79 5 5 5 6 85 t7.5 5 6 5 5 6 6 5 5 65 5 7 5 5 5 4 5 65 6 5 5 5 6 7 4 6 8 5 6 6 t8.1 45 5 45 45 6 8 4 45 4 5 4 5 4 5 45 55 5 6 5 5 5 6 5 45 5 5 5 6 8
switch t8.1 5 5 5 55 55 5 5 45 6 55 45 55 5 5 5 4 5 55 5 5 5 45 5 4 45 t8.8 6 65 7 55 6 75 t9.3 5 5 4 5 5 55 6 3 45 5 4 55 65 55 6 5 4 5 55 6 5 7 4 5 5 65 5 55 5 65 65 45 6 5 5 55 
switch t7.8 4 5 5 5 3 5 3 3 5 55 3 5 5 4 65 3 35 5 5 5 35 8 4 99 t7.8 5 4 6 3 4 4 4 4 5 6 5 5 2 5 3 5 6 3 6 3 55 5 4 4 5 2 7 4 6 3 5 3 5 4 5 5 6 45 5 55 4 3 5 4 35 4 4 8 5 4 5 3 4 4 4 4 45 3 5 3 4 4 5 5 4 6 3 4 3 4 5 55 75 5 85 5 5 5 99 5 45 6 6 5 85 t9.0 75 5 45 5 75 6 5 55 5 5 55 4 5 5 5 45 55 65 6 5 6 3 4 5 45 4 4 5 5 5 5 5 5 6 5 6 5 5 6 45 6 6 6 55 5 4 6 65 75 3 4 4 35 5 2 4 3 
switch t9.2 4 4 35 35 4 45 35 4 4 6 5 62 1 7 5 3 4 5 5 5 5 5 4 4 6 5 5 6 3 4 4 75 85 9 t9.4 55 55 6 6 6 45 7 85 t9.7 3 3 35 3 4 35 4 35 t8.5 4 3 5 8 8 5 4 35 3 4 3 4 6 7 3 4 6 4 4 4 6 4 5 5 
switch t8.6 5 5 5 45 5 5 5 4 5 5 4 5 6 6 6 7 6 5 5 4 4 6 5 5 5 5 65 4 3 4 5 5 4 3 3 3 25 5 45 t6.8 5 5 45 5 4 4 5 4 4 5 52 5 52 7 t7.2 4 4 4 4 5 5 4 4 5 5 4 4 5 4 4 5 4 5 
switch t7.8 4 4 4 5 35 4 4 4 5 6 52 5 5 5 5 5 5 5 5 6 5 65 4 4 5 5 5 5 4 4 5 4 4 4 4 4 62 5 5 5 5 5 5 5 5 7 5 5 5 5 5 4 4 5 5 45 5 5 5 4 4 5 4 5 5 4 4 5 5 65 75 8.2 4 4 4 3 4 4 3 4 4 35 4 45 4 4 4 4 4 4 4 5 5 5 6 6 4 4 4 4 4 4 4 4 4 4 3 4 5 5 3 4 4 4 4 5 5 5 5 5 5 5 5 52 5 5 35 35 5 5 4 4 4 5 4 4 4 4 4 4 6 5 4 4 5 5 4 4 5 5 4 4 
switch t8.2 5 52 6 4 5 5 4 4 5 5 65 7 5 5 t8.6 5 4 4 5 5 5 5 4 4 5 5 4 5 5 65 5 5 5 5 4 4 5 5 52 5 9 m 35 4 4 5 4 4 5 5 5 65 l 4 35 5 5 3 42 4 4 4 4 4 5 4 4 3 5 4 4 3 4 4 4  
switch t9.8 /4 /4 4 45 5 4 45 5 5 5 5 5 65 6 65 65 t9.8 /4 /4 4 4 4 4 55 4 4 5 5 5 5 5 62 65 7 m /5 /5 55 65 5 52 4 6 65 55 65 m /3 /3 3 0 4 2 4 4 35 35 3 5 4 4 5 5 4 4 3 5 5 4 3 4 2 6 3 5
switch  t9.5 /4 /4 4 42 4 5 3 5 6 5 5 5 35 6 5 4 6 6 3 6 62 5 4 6 6 3 6 62 5 5 5 62 3 5 3 3 35 35 4 4 3 4 4 3 5 52 /1 1 t9.0 /4 /4 4 4 5 52 4 4 5 5 5 5 55 6 6 3 3 35 3 4 4 3 3 3 3 3 35 4 4 4 4 35 4 5 5
switch t9.5 /4 /4 4 4 42 5 4 45 5 5 65 4 35 3 4 4 /65 0 t8.0 /4 5 0 4 3  65 /65 4 t9.5 /5 5 3 6 25 65 1 3 5 4 4 0 4 5 5 5 55 7 3 5 5 6 65 5 5 5 5 4 4 5 5 45 5 6 6 4 4 62 6 5 4 62 5 5 6 6 6 7 7 /4 4 5 5 6 6 55 4 /7 4 4 65 65 6 65 m /4 /4 3 3 35 4 4 4 3 6 6 65 t9.6 /4 /5 45 5 4 4 4 5 5 52 62 6 6 65 4 5 5 5 65 65 t10.0 /4 /4 65 65 5 5 62 7 3 6 6 6 4 3 /4 0 4 4 6 /4 0 4 4 6 /4 0 5 3 3 4 4 5 4 6 4 5
switch t9.0 /4 /4 42 45 4 5 5 5 5 5 5 5 52 6 5 5 5 4 4 5 5 62 6 62 65 t10.0 /4 /4 3 5 6 3 3 3 2 01 t9.5 3 4 2 3 1 3 35 2 5 4 52 4 4 4 3 5 4 5 3 5 4 4 3 3 /5 0 4 3 5 3 4 3 4 4 3 4 45
switch t8.9 /4 /4 4 45 5 6 t9.8 45 4 65 5 7 5 65 65 m /3 /3 2 3 3 4 /5 5 65 7 7 
switch t8.5 /3 /4 4 35 42 4 3 4 3 4 4 5 4 5 4 45 5 5 5 3 3 5 3 3 4 3 3 4 4 3 4 4 5 4 4 3 32 3 35 35 4 6 5 4 4 3 3 4 4 4 5 5 6 6 6 6 6 65 t9.0 /45 /45 5 55 5 4 52 5 52 45 5 5 6 5 45 52 4 5 /4 /4 4 5 42 5 5 5 5 5 5 5 4 4 5 5 5 5 5 5 5 45 5 5 4 55 55 5 5 5
switch t8.5 /4 /4 4 45 5 52 4 4 4 4 4 4 4 4 4 5 45 4 4 4 4 6 l 5 m /4 /3 5 4 5 5 4 4 5 4 4 4 4 4 4 45 45 4 4 4 4 4 4 4 4 4 4 5 5 4 4 4 4 4 4 4 4 45 5 35 4 5 4 4 42 45 5 5 5 5 5 5 5 5 5 5 5
switch t8.5 /4 /4 4 42 5 45 4 4 35 4 5 5 2 3 4 45 3 35 4 4 4 4 4 3 3 5 5 4 4 4 4 6 5 4 4 4 4 6 5 4 4 4 4 3 3 3 35 35 3 3 3 3 3 3 35 3 6 5 4 4 6 l 6 52 5 5 65 5 45 4 4 52 52 5 6 75 t9.0 /4 /4 5 4 4 45 /4 /4 3 35 4 4 4 4 4 4 4 4 4 4 32 5 3 5 3 2 3 3 2 3 0 t8.5 /3 /3 2 4 4 3 35 35 3 3 25 4 6 6 6 52 4 4 4 4 4 4 4 4 5 2 3 5 4 4 4 4 4 5 5 5 
switch t7.0 /3 /4 35 35 6 l 9 t8.5 /2 /3 4 45 45 4 4 3 35 6 6 6 t9.0 /5 45 5 5 /4 /4 4 45 5 42 5 5 65 45 6 4 52 65 6 4 4 3 42 4
switch t8.5 /4 /4 4 42 35 4 45 5 5 4 5 5 45 5 45 3 4 5 5 5 65 5 3 55 5 5 4 4 5 5 45 4 4 5 5 5 4 5 5 45 5 5 45 5 5 5 6 65 t9.0 /3 3 6 52 5 3 45 45 4 4 45 4 4 3 3 3 4 4 4 3 4 4 4 35 /4 /4 4 35 4 42 45 4 4 5 4 4 
switch t7.5 /3 /3 3 35 4 35 3 35 4 25 3 35 4 4 4 4 3 4 3 3 3 3 3 4 3 3 3 3 15 t6.5 /4 4 5 5 4 4 5 5 5 6 t7.0 /4 4 5 5 4 5 5 4 4 4 4 5 4 4 45 45 4 42 4 5 5 4 4 5 4 4 3 4 4 3 3 4 4 3 4 4 
switch t7.3 /4 /4 /45 4 5 5 4 4 4 4 4 4 4 5 5 4 4 5 5 5 5 5 4 5 5 4 4 4 4 4 4 4 4 4 4 4 5 4 4 4 5 5 4 5 5 5 5 5 5 5 5 5 5 55 5 5 5 5 5 5 5 5 42 42 45 4 5 5 4 5 5 5 5 5 6 55 t8.5 /4 /5 4 45 5 5 /4 /4 5 45 5 4 
switch t7.4 /4 /4 4 32 4 45 3 25 4 3 4 4 32 4 4 3 35 3 3 /4 0 35 35 25 4 4 35 25 3 4 t6.5 /4 35 4 4 3 3 4 4 4 45 4 4 4 4 4 4 4 4 2 3 4 4 3 5 5 45 3 5 5 3 3 4 4 45 5 3 3 4 3 52 4 5 5 4 3 3 3 /4 /3 3 32 4 45 4 4 5 4 5 5 4 4 4 4 4 4 4 4 4 4 4 5 5 52 5 4 4 55 4 5 5 4 4 5 5 5 5 5 5 6 t7.6 /3 3 5 5 5 4 4 3 4 4 4 4 4 4 4 2 3 35  /4 /4 35 42 4 22 35 3 4 4 15 3 4 3 4 4 3 3 12 15 25 3 0 t6.9 /4 /4 4 4 45 4 42 4 4 4 4 45 4 45 4 4 4 6 42 4 4 4 5 45 4 45 4 4 4 45 3 5 5 4 5 5 5 4 4 2 35 35 4 4 45 45 4 4 4 4 4 35
switch t7.0 /4 /4 4 42 45 45 45 42 4 4 4 4 42 4 6 5 5 6 4 5 4 5 6 t7.5 /3 /4 4 3 4 42 5 5 4 45 35 4 3 32 3 4 4 4 4 4 4 4 5 5 4 3 4 3 3 4 3 4 4 4 3 3 4 4 3 4 5 4 4 5 5 3 4 4 5 4 4 3 
switch t8.5 /3 /4 3 35 4 35 55 45 4 52 5 35 52 4 4 4 4 35 4 4 4 4 42 45 55 6 5 5 52 5 l t9.0 /4 /4 45 4 35 4 4 4 4 4 4 5 2 3 3 2 2 25 3 3 3 35 35 35 3 3 4 4 4 4 4 4 4 32 35 4 4 35 4 4 35 4 52 4 4 4 4 32 35 
switch t10.0 /4 4 4 4 5 45 4 4 45 4 45 5 4 4 4 6 t10.3 /4 3 4 4 35 4 62 3 35 4 3 35 4 2 2 3 2 25 3 3 3 5 3 3 35 35 3 3 4 4 4 3 3 35 3 3 3 4 3 4 2 3
switch t9.0 /4 /4 4 42 4 45 4 4 45 42 35 3 55 6 4 4 35 35 52 6 t9.8 /4 /4 4 4 4 4 4 4 55 25 4 42 4 45 4 45 45 4 4 4 42 4 4 4 4 l 5 4 4 5 5 5 52 4 4 3 35 4 4 3 4 35 4 4 42 4 4 4 5 5 4 4 4 
switch t9.0 /4 /4 4 35 4 45 4 4 5 5 4 4 4 4 43 l t9.8 /3 3 35 4 3 4 4 25 35 32 5 35 35 5 45 3 3 3 3 4 4 3 3 3 3 4 4 4 4 35 4 4 4 4 4 4 4 4 4 3 3 5 45 4 4 4 4 3 3 5 45 4 4 4 3 4 4 4 45 4 42 4 4 45 4 4
switch t9.2 /5 /5 5 5 5 5 5 5 5 5 5 4 4 6 5 5 5 5 5 54 5 5 5 4 4 5 5 5 l t9.8 /4 4 45 5 45 5 5 5 5 5 5 5 5 54 5 5 5 5 5 5 5 5 5 5 5 55 45 
switch t9.2 /5 /5 5 45 5 5 5 5 5 5 45 7 65 m /4 /5 4 55 5 5 4 4 4 4 5 5 45 5 5 5 5 5 55 65 m /3 /4 4 35 5 5 3 25 2 t6.7 /4 /4 5 4 5 5 5 35 35 4 3 3 6 45 45 35 32 52 4 4 4 4 4 4 4 6 6 6 65 5 5 t7.2 /4 /4 4 45 4 42 35 4 5 3 5 4 4 4 4 4 3 4 4 4 4 4 4 4 4 3 35 4 4 4 4 4 4 4 35 4 4 4 4 4 4 3 35 4 4 4 4 4 4 4 3 4 4 4 4 4 4 5 6 35 4 5 5 62 4 4 3 35 62 5 5 5 4 5 5 6 5 5 65 6 6 5 5 51 5 45 5 t7.5 /3 /4 4 35 4 42 4 3 4 5 3 3 /3 0 3 4 4 3 35 3 3 3 3 25 switch t6.7 /35 /35 4 5 4 4 3 35 4 4 5 5 4 3 4 4 5 4 5 5 4 4 4 4 5 5 5 5 5 5 5 5 4 4 5 4 5 5 3 5 5 4 4 5 5 6 5 5 3 3 62 5 5 4 4 
switch t6.7 /3 /4 4 42 5 5 5 4 4 4 3 32 4 3 4 4 4 3 4 4 5 4 5 5 6 4 4 4 35 3 35 35 4 5 5 4 65 4 5 5 5 5 6 7 7 t7.1 /5 /5 5 45 5 5 5 4 4 6 5 6 62 5 4 4 3 4 4 4 4 4 4 35 4 4 4 5 5 3 3 3 42 45 3 0 t6.7 /4 4 3 3 35 4 5 5 6 6 65 t7.4 /3 4 4 4 4 4 4 4 4 4 4 35 4 5 5 3 35 5 5 5 5 5 5 35 3 4 52 5 45 35 4 4 
switch t7.9 /4 /4 4 45 45 4 45 6 45 5 5 5 4 4 4 5 5 5 5 5 55 65 t8.3 /5 /4 4 45 5 5 4 4 4 4 5 5 5 5 5 5 5 5 5 5 5 5 5 45 4 4 4 4 4 4 5 4 3 5 4 4 5 5 5 5 5 5 5 4 5 55 45 45 45 5 5 5  4 4
switch t8.3 /4 /4 45 4 42 5 4 4 45 45 4 4 57 5 5 4 4 5 5 5 5 4 4 4 4 4 5 5 5 4 4 4 4 5 l 45 45 5 5 62 t8.5 /35 /35 3 5 4 4 5 5 5 5 5 5 5 5 6 45 4 5 4 5 6 5 5 5 4 5 4 4 4 4 5 5 6 5 5 5 
switch t6.8 /4 /4 4 45 5 5 5 5 5 5 5 5 5 5 5 65 6 65 t7.1 3 3 3 3 3 4 4 3 4 4 5 5 4 4 4 4 4 4 4 4 5 5 15 4 4 4 4 7 4 4 4 4 4 4 4 4 4 4 4 6 4 4 6 5 5 5 5 5 5 5 6 4 5 5 4 4 4 65 5 6 4 65 4 /4 /5 5 45 5 5 5 /0 /2 /3 3 2 t6.3 /4 /5 5 5 4 4 4 4 4 5 5 5 4 4 5 4 4 4 3 5 5 4 4 5 5 5 45 45 4 4 6 5 5 5 5 5 5 5 6 65 4 4 5 5 65 65 5 5 4 4 4 5 5 5 5 5 3 4 4 5 5 5 4 4 5 t6.6 /4 /4 /4 45 4 4 5 4 4 4 5 5 5 5 5 4 5 5 6 4 4 4 4 3 5 5 5 5 4 4 6 5 4 5 5 5 4 5
switch t7.0 /4 /5 5 45 4 5 5 5 5 5 5 4 4 65 45 5 5 4 4 4 4 3 4 5 5 4 5 5 4 4 5 45 4 5 3 4 35 4 4 5 4 5 5 5 5 5 5 5 5 5 6 4 5 5 62 65 t7.7 /5 4 5 25 4 4 4 4 42 4 45 4 5 5 4 4 4 5 5 5 52 52 3 3 /3 /4 35 4 4 5 4 4 3 0 /1 /3 /4 4 0 /3 t7.4 /3 4 3 3 35 4 4 4 4 25 5 5 5 4 35 5 4 4 4 4 6 5 4 3 4 4 5 5 5 5 5 65 5 5 3 3 5 5 0 /5 5 4 3 35 35 4 4 3 6 4 4 2 3 4 4 5 4 3 3 /4 /4 3 32 35 42 4 4 5 5 4 35 35 5 5 4 4 3 5 5 4 5 45 5 5 5 4 4 4 5 25 52 4 5 5 4 5 5 5 5 5 5 5 6 5 4 4 5 55 5 6 65 5 t8.0 /4 4 4 5 5 5 4 25 6 /3 /2 /25 /4 /3 /4 0 3 4 4 4 /01 /01 /1 /3 4 5 5 5 6 4 4 6 5 5 5 
switch t7.7 /3 /3 4 45 4 42 3 3 4 7 5 5 4 4 5 4 5 5 62 5 5 5 3 5 4 4 52 7 t8.4 /4 4 35 4 4 4 3 3 35 4 4 0 35 4 4 4 4 4 5 5 65 8 t10.2 /3 3 6 4 65 4 3 65 45 3 3 5 5 3 4 6 4 5 5 65 5 25 4 4 
switch t10.2 /4 /4 4 45 5 45 4 5 65 6 35 4 3 35 4 32 4 4 4 25 4 2 3 3 35 4 25 /3 0 3 /1 /3 0 t9.4 /4 /4 4 45 6 4 65 4 4 4 4 3 5 4 5 5 4 4 4 4 3 4 2 3 3 3 2 2 3 3 4 3 1 3 4 4 3 4 2 3 3 4
switch t9.8 /3 3 35 4 42 3 3 35 35 3 4 4 35 4 45 4 2 5 35 4 5 5 4 55 7 55 5 5 5 5 7 5 5 5 5 5 3 7 7 t9.4 /4 4 6 5 5 5 /4 0 3 4 4 3 7 0 4 4 3 2 15 35 4 3 3 32 35 3 3 4 4 6 65 4 4 3 4 45 /4 /4 3 35 3 45 /5 0 3 45 45 5 4 4 3 4 7 4 35 5 5 4 4 3 5 3 3 35 5 5 4 3 4 4 35 4 4 35 6 4 8 t10.2 /4 3 55 3 4 5 45 
switch t9.3 /4 /4 4 35 45 5 3 4 4 4 2 3 0 0 t7.9 /35 35 5 35 65 5 0 45 4 5 5 5 6 5 7 62 8 t9.5 55 5 5 4 4 3 3 3 3 4 2 35 3 4 3 4 3 3 3 3 3 3 5 /3 /5 0 5 3 3 5 4 65 4 4 3 4 3 35 t9.0 25 4 2 1 4 5 65 75 75
switch t8.7 /4 /4 4 35 42 4 45 5 5 4 4 5 4 5 6 4 5 4 5 4 4 5 45 5 5 5 5 5 5 5 5 52 5 5 52 5 5 52 52 5 5 55 5 52 55 5 5 5 5 5 5 5 5 5 5 5 65 65 /7 /5 85 t9.1 /4 3 4 5 42 5 35 45 5 5 5 5 4 45 3 2 4 4 4 /4 /4 35 42 4 45 5 5 5 5 4 4 5 5 6 55 5 6 45 42 5 4 4 5 4 4 5 5 5 5 5 5 5 62 5 5 5 5 6 5 5 5 5 6 6 65 6 6 6 5 65 65 5 5 t9.9 /5 5 4 5 5 5 4 4 4 5 4 4 4 45 4 4 4 4 4 3 35 4 4 35 4 4
switch t7.7 /5 /5 4 42 5 52 4 65 4 5 5 3 3 3 65 25 65 5 4 4 5 45 7 6 /7 /4 /0 /6 3 /65 6 t9.5 /45 45 4 5 5 45 5 5 5 65 6 5 4 4 5 5 5 5 45 45 4 5 3 5 6 5 55 52 3 4 5 62 5 5 5 4 4 4 4 5 6 5 4
switch t9.5 /5 /5 5 5 5 5 6 4 4 52 5 55 6 65 6 55 5 t10.1 /5 5 5 5 5 5 5 5 52 55 55 5 5 5 5 4 4 5 5 4 4 5 52 5 5 5 5 5 6 6 5 5 5 6 5 5 6 5 5 3 5 5 5 5 5 5 5 4 4 4 4 5 5 6 5 5 5 5 5 5 65 5 
switch t8.0 /2 /2 2 25 3 25 3 3 2 2 2 2 2 2 2 2 2 2 2 2 3 3 2 2 t7.8 /2 /2 5 5 2 2 15 15 t7.4 /7 /7 /2 3 2 2 5 5 5 5 6 6 5 5 5 5 5 5 45 45 6 6 5 5 5 5 65 65 65 3 3 3 3 3 3 3 3 4 4 4 4
switch t7.5 /3 /32 3 4 3 42 3 4 5 5 2 2 3 3 3 3 3 3 5 5 3 3 2 2 2 2 5 5 5 5 5 5 3 3 3 3 5 5 4 4 3 3 3 3 35 35 4 4 4 4 55 55 4 4 4 4 3 3 4 4 3 3 3 3 3 4 4 5 5 3 3 5 5 4 4 /4 /4 3 35 3 4 3 3 4 4 2 2 t8.0 /2 /3 2 3 2 2 3 3 3 3 2 3 2 2 3 3 2 2 3 3 3 3 3 3 3 3 3 3 3 2 2 2 3 3 
switch t9.5 5 5 5 5 5 5 4 4 65 65 5 5 5 5 6 6 42 42 5 5 6 6 5 5 /4 /5 4 45 4 5 5 5 4 4 52 52 5 5 4 4 6 /7 /6 /5 7 /6 /5 75 t10.0 /4 /4 3 45 45 65 4 4 65 65 5 5 4 4 6 6 5 5 5 5 5 5 5 5 3 3 4 4 5 5 4 4 4 4 4 4 4 4 45 45 6 6 4 4 6 6 4 4 4 4 5 5 
switch t10.0 /4 /4 4 5 45 5 4 4 4 4 4 4 4 3 3 4 4 5 5 4 4 4 5 5 5 6 6 4 4 4 45 5 5 5 5 5 5 5 5 55 5 5 6 t10.4 /4 /35 35 35 4 4 4 4 5 5 5 5 5 5 45 4 5 5 4 3 3 4 35 3 3 4 4 4 5 5 35 35 5 5 4 4 52 52 6 6
switch t9.0 /4 /45 4 5 4 4 5 5 4 4 3 6 5 5 5 5 65 7 5 7 t9.5 /3 /3 3 3 6 6 65 65 3 3 4 4 35 35 6 6 3 3 5 3 3 3 
switch t9.5 /4 /4 4 42 4 45 3 3 3 3 3 4 4 4 4 4 4 6 6 4 4 4 4 6 6 5 5 6 6 65 65 6 6 65 7 t10.2 /3 /4 3 4 5 5 4 4 /4 /4 3 35 42 4 4 4 3 3 3 3 4 4 6 6 4 4 62 3 4 4 4 4 35 35 6 6 6 6 35 4 4 4 4 5 4 4 35
switch t10.2 /4 /4 4 42 4 5 4 4 5 5 /4 /4 1 t9.9 5 4 5 5 5 3 35 4 5 3 4 3 5 5 5 5 5 4 5 5 5 4 4 4 5 4 4 4 42 45 5 5 4 4 5 5 4 4 4 5 5 5 5 5 5 5 5 5 5 5 4 4 5 5 4 3 5 5 5 5 4 4 5 5 4 5 4 4 5
switch t8.9 /5 /5 4 5 5 42 5 5 5 5 5 5 5 45 45 5 4 4 35 5 4 5 5 4 4 4 42 4 35 5 4 4 4 4 4 35 35 3 35 3 3 35 35 35 25 4 35 3 4 t8.5 /4 /4 3 3 25 35 5 5 45 l 42 4 4 4 4 4 4 4 3 3 4 4 4 4 4 3 35 4 4 4 4 4 4 5
switch t9.6 /5 /4 4 42 4 5 5 5 5 4 45 5 5 5 5 5 5 5 5 5 4 4 4 5 5 5 5 6 6 6 6 5 52 65 65 t10.5 /5 4 5 5 5 5 5 5 5 5 5 5 5 /5 /5 5 5 5 5 5 5 5 5 5 5 5 5 5 5 5 6 5 5 5 6 6 6 5 5 5 5 5 6 6 5 5 45 5 5 5 5 5 
switch t8.5 /4 /4 4 4 4 3 4 4 35 4 25 3 4 25 4 4 4 4 t7.7 /4 4 5 5 4 4 5 55 55 6 6 55 6 4 4 5 35 35 4 4 5 5 5 6 5 5 5 6 6 6 
switch t7.0 /4 /4 4 5 42 4 4 4 4 4 4 4 45 45 5 45 3 4 4 4 5 4 4 4 4 4 4 4 4 5 4 5 45 4 5 4 t8.1 /4 42 42 4 4 45 45 45 4 4 5 4 4 5 4 4 4 4 3 4 3 3 52 5 5 5 6 3 3 5 5 42 5 5 5 4 5 5 /4 /5 4 42 4 5 4 5 5 5 5 5 65 65 6 6 t9.8 /4 /4 4 4 6 6 4 5 4 4 4 4 5 5 3 3 5 42 5 6 5 5 5 5 3 5 5 5 5 5 5 5 5 4 4 6 4 4 4 4 4 4 5 5 4 4 4 4 5 5 6 6 5 5 4 3 4 4 6 5 
switch t9.9 /5 /5 5 52 6 5 6 5 6 6 5 5 5 5 5 5 5 52 65 65 6 65 5 5 5 4 5 5 45 52 55 5 5 4 4 4 t9.1 /5 45 4 35 35 4 3 4  4 4 3 3 t8.8 /4 4 35 4 4 5 4 4 4 4 4 5 3 35 35 35 45 4 3 4 4 4 45 35 4 35 3 35 4 4 4 
switch t8.7 5 5 5 5 35 4 5 5 5 5 5 4 4 5 5 5 4 5 5 /5 /5 4 45 4 5 5 5 5 5 5 4 4 5 5 65 65 l t8.9 /35 /35 4 5 4 4 45 4 5 45 4 4 45 45 4 5 45 5 5 5 5 4 4 4 4 5 5 4 4 5 5 5 45 5 5 5 5 5 5 5 4 4 4 5 6 52 35 4 5 5 5 5 5 5 4 4 5 5 45 5 42
switch t8.5 /5 /5 5 52 5 5 65 6 5 5 6 6 4 5 5 6 75 6 t9.1 /5 4 6 5 5 4 5 4 3 4 4 6 4 5 4 4 4 4 5 5 5 5 l 4 4 4 4 5 4 4 4 4 3 4 5 5 4 4 5 5 4 5 5 5 5 35 4 5 5 45 4 4 4 4 5 5 5 5 6 6 5 5 3 /4 /5 3 42 5 5 t9.5 5 5 /4 65 6 35 4 4 4 3 4 4 35 2 4 4 4 4 4 35 4 4 5 5 5 4 5 4 4 4 5 5 5 5 5 5 5 5 5 5 l t9.0 /4 /4 3 4 4 4 t8.4 /4 /4 35 4 4 4 4 5 4 6 6 5 6 6 62 6 4 4 4 4 5 5 5 65 5
switch t8.4 /5 /5 4 42 5 5 6 5 l 5 5 5 5 5 5 l 5 5 3 65 5 4 4 65 4 4 5 5 65 65 6 6 6 5 4 4 5 5 5 4 4 65 4 5 4 65 6 6 6 65 65 4 4 5 62 6 6 t9.2 /4 5 4 5 5 5 4 4 52 4 4 5 4 4 4 4 45 45 5 4 4 3 35 4 /4 /4 4 45 4 4 4 4 5 5 5 65 6 6 5 5 4 4 4 4 5 5 5 5 4 5 4 4 3 4 3 3 2 t8.5 /5 /4 5 4 4 4 5 5 6 5 5 5 6 6 45 5 5 5 3 4 3 5 5 5 4 4 4 6 6 4 4 52 5 3 5 25 25 15 3 6 5 5 6 45 /4 /5 4 42 4 5 65 6 6 4 5 5 5 5 5 5 6 5 65 5 5 65 62 6 6 5 5 65 5 5 5 6 6 65 65 75 t9.0 /4 4 5 5 5 5 5 5 5 5 35 5 62 5 5 5 3 4 42 3 4 5 5 5 5 6 52 5 5 5 25 5 5 5 4 4 4 5 5 62 5 6
switch t8.5 /5 /3 5 7 6 65 35 65 3 3 4 4 4 4 65 6 6 l 4 35 4 3 3 3 6 4 4 6 6 4 3 35 4 4 3 3 4 4 4 4 4 3 35 35 5 5 3 4 4 5 5 4 4 4 4 35 4 4 32 3 /2 2 t8.0 /5 5 6 6 65 6 5 5 3 52 4 4 4 4 5 5 3 4 /4 /4 4 45 5 55 6 6 7 65 5 65 4 4 7 75 t8.5 /5 5 3 7 5 3 5 5 62 5 3 3 4 4 4 3 3 5 6 /6 0 3 5 5 5 5 35 4 4 4 5 5 5 5 5 6 4 4 5 65 6 3 52 6 6 5 5 4 5 6 l 4 m /4 3 3 4 4 3 4
switch t7.8 /4 /4 4 4 45 4 5 6 5 5 5 5 5 4 4 4 4 4 4 35 4 4 65 l 4 45 4 4 35 4 4 5 4 4 5 5 35 4 4 5 5 4 4 4 4 5 5 4 6 5 4 4 5 45 5 5 5 5 5 5 5 5 5 5 5 5 65 l t8.3 /4 /4 4 5 5 5 6 5 6 5 5 45 6 4 4 /4 /4 4 42 4 5 5 5 5 5 5 4 4 5 l 4 5 5 5 5 5 5 5 5 
switch t8.3 /5 /5 5 45 52 5 5 5 5 5 5 5 5 6 6 6 5 5 5 5 5 62 6 6 65 5 5 5 5 5 5 7 t9.2 /4 5 4 4 5 5 6 5 5 6 4 4 5 5 5 5 5 5 5 5 5 5 45 4 5 52 55 5 5 52 4 4 5 5 4 4 35 4 5 6 5 5 42 4 5 5 65 6 
switch t9.4 /4 4 3 4 3 5 5 3 45 45 3 /2 /3 1 t9.0 /5 5 4 4 4 4 4 3 25 3 5 5 3 
switch t8.8 /5 /5 4 45 5 5 52 5 5 5 l 6 65 5 5 5 65 5 7 4 4 5 l 5 4 52 4 4 5 l 5 5 m /5 5 4 3 5 3 25 3 t8.5 /4 /5 4 5 45 4 4 5 4 5 5 5 5 5 5 5 5 4 4 4 4 5 5 l 
switch t9.2 /5 /5 5 55 6 5 5 65 52 6 6 6 6 65 5 4 7 7 t10.2 /4 /4 35 4 5 52 55 5 35 4 5 5 35 5 4 5 4 4 3 4 3 35 4 35 4 25 3 3 5 6 t9.2 5 5 55 4 5 5 5 5 5 35 42 42 5 52 6 5 6 6 5 5 5 6 5 5 45 5 5 5 5 5 /5 /5 5 52 55 5 5 5 55 65 4 4 4 65 6 5 5 5 5 6 6 65 4 6 6 6 65 7 7 t10.3 /4 35 45 4 5 4 4 35 35 5 /4 2 t9.8 /35 /4 4 42 5 5 45 45 5 5 5 35 45 4 4 52 5 4 4 4 4 45 5 4 4 4 4 45 5 4 4 6 6 6 6 6 6 6 6 65 6 6 4 4 5 /5 /5 4 42 5 5 5 5 5 5 5 6 5 6 6 6 6 6 6 3 45 4 4 42 5 25 35 45 35 35 6 6 3 3 25 /4 2 t9.1 /5 5 3 5 5 4 4 5 5 3 6 5 5 5 4 35 3 4 5 5 4 4 6 6 5 5 6 6 5 5 3 5 5 6 5 5 4 5 4 45 5 5 /5 /5 4 42 5 5 6 6 7 45 45 5 5 5 5 5 4 42 52 5 5 5 5 4 5 5 5 5 6 5 52 5 5 72 75 t9.7 /4 4 6 5 5 5 5 5 6 5 3 5 5 5 5 65 6 6 5 45 45 5 52 65 55 5 5 5 5 5 5 3 4 4 5 5 5 5 5 5 6 6 4 /5 /5 4 4 5 45 62 4 4 52 5 7 6 6 
switch t9.7 5 6 5 5 3 3 5 5 3 4 5 5 6 /5 /4 4 45 5 5 4 4 4 4 3 3 /3 /4 2 t9.0 /4 4 5 5 4 4 5 5 5 5 5 5 4 6 5 5 5 5 5 5 6 6 5 5 4 4 25 l 3 4 4 5 4 4 5 l 5 4 4 5 5 3 3 5 5 6 5 5 4 4 6 5 5 5 5 5 4 4 35 35 5 5 7 6 6 /4 /5 4 45 5 5 6 5 5 5 5 6 6 62 6 6 6 72 7 t9.5 /5 /4 5 52 4 4 5 5 5 5 5 35 4 5 5 6 6 25 3 35 3 4 4 35 t8.9 /5 4 5 5 5 55 4 5 5 52 5 45 5 5 5 5 5 5 5 5 5 5 5 5 52 55 5 5 5 52 55 6 5 5 4 5 6 5 5 5 5 t9.0 /5 /5 4 52 5 5 55 5 5 5 5 5 5 6 6 5 5 5 5 5 5 55 4 4 65 6 6 5 5 5 5 65 5 5 5 5 5 5 7 6 6 7 t9.2 /5 4 5 55 65 5 6 52 62 5 55 5 7 t10.0 /5 5 5 5 5 4 7 6 5 5 62 3 55 4 4 5 5 4 4 65 5 5 5 5 5 5 5 6 6 5 5 5 5 /5 /5 5 45 5 55 55 5 5 62 6 3 75 65 6 65 5 65 4 5 65 6 65 8 t10.4 3 7 5 3 3 6 3 2 35 5 5 55 4 4 7 5 4 6 5 65 6 7 25 4 75 4 /4 85 m 35 35 35 75 3 1 3 4 4 6 3 4 4 4 2 5 35 4 4 4 45 5 42 4 t10.0 /4 /4 35 42 4 5 5 5 3 3 3 /3 0 3 3 1 1 t9.7 /5 5 62 4 /3 /3 /6 /55 /65 15 62 4 4 5 5 4 4 4 4 3 4 4 3 4 4 35 4 3 4 /5 1 5 3 65 4 35 2 5 4 4 /7 /2 7 3 5 5 52 4 7 65 4 4 65 65 35 4 4 /5 85 35 4 85 85 /4 t10.5 3 4 1 3 /4 /4 4 42 4 4 3 4 15 25 35 4 t9.5 /35 /4 4 4 4 4 4 4 5 5 3 3 42 45 45 4 5 5 3 5 4 52 35 35 3 /52 /62 8 5 5 62 3 3 65 4 4 4 5 3 62 52 /9 /75 /9 7 m /4 /4 4 65 3 /9 /65 5 65 7 
switch t6.8 /4 /4 4 45 5 5 5 5 5 6 5 6 5 5 6 52 5 52 62 65 65 5 5 4 5 6 5 5 5 5 5 5 6 6 6 6 6 6 5 5 5 5 6 6 4 4 52 52 52 6 6 52 7 t7.2 /3 /3 4 35 4 4 52 5 4 5 5 5 5 5 5 5 4 35 4 52 6 6 52 6 6 t7.8 /35 4 35 4 4 3 4 4 5 5 5 4 35 4 4 4 4 4 4 45 4 35 4 42 4 5 5 5 5 5 5 4 4 5 5 5 5 5 545 45 4 5 5 4 5 5 5 5 5 5 5 52 6 52 5 5 4 4 4 4 5 4 4 5 5 5 5 5 6 5 5 5 5 5 5 5 5 5 5 5 65 6 5 5 5 5 
switch t8.3 /5 /5 5 5 4 6 2 55 65 6 65 3 25 25 62 62 35 35 /5 5 3 3 65 6 5 5 52 55 52 /75 7 t8.8 /5 5 55 6 57 4 5 5 5 5 5 5 52 55 5 5 5 5 62 5 5 l 45 52 5 6 65 52 5 5 55 5 55 5 6 6 5 5 /5 /5 5 55 6 5 6 6 5 5 4 4 5 5 6 6 65 5 5 6 5 7 52 5 52 65 5 5 52 5 5 65 65 7 m /4 4 42 5 5 5 4 4 l 5 5 6 5 5 6 6 4 5 5 5 4 4 65 5 5 5 6 6 4 5 5 5 4 4 65 5 5 5 6 7 6 65 6 6 65 5 5 7 t9.2 /4 /5 4 5 5 5 /4 /5 4 4 5 5 5 5 5 5 5 4 6 5 3 3 5 4 4 5 62 6 5 5 5 52 5 6 7 6 m /4 /3  4 5 5 5 5 52 5 5 52 7 6 3 4 4 35 4 35 3 5 35 4 4 3 35 3 35 3 3 3 3 45 3 45 52 5 4 l 45 4 5 3 3 3 3 4 45 4 3 4 4 
switch t8.9 /5 /4 4 52 5 5 5 6 6 5 5 4 4 5 5 45 5 5 6 5 65 5 5 5 5 5 5 5 5 7 5 6 5 5 5 5 5 5 6 5 52 55 5 5 5 5 6 5 5 5 5 5 5 5 5 l 7 t9.6 /4 /5 4 4 4 5 4 4 4 4 5 5 45 4 5 5 5 4 6 4 4 5 5 6 5 /4 /4 4 45 5 4 5 5 52 5 52 5 l 5 5 l 5 6 5 5 6 5 65 55 6 6 5 5 5 5 5 65 6 6 6 6 65 5 5 5 5 3 5 65 6 6 75 7 t10.3 /4 4 1 65 4 4 5 6 6 /4 15 6 6 25 65 /6 0 4 6 6 5 5 5 6 4 4 /6 /5 0 6
switch t9.6 /5 /4 4 5 5 5 45 5 5 5 5 5 5 5 6 5 4 5 5 4 3 3 t9.2 /3 4 45 35 3 3 4 4 5 l /5 35 m /5 /5 5 5 45 4 5 5 5 5 5 45 5 4 5 5 6 6 6 6 6 6 6 6 5 5 5 5 6 5 5 6 6 4 5 5 5 5 5 6 5 5 5 5 5 5 5 5 65 6 
switch t10.2 /4 /5 4 5 5 45 4 5 5 5 5 5 45 4 4 45 5 5 4 4 4 5 5 5 4 35 4 4 5 5 4 4 5 5 4 4 t9.6 /4 4 5 5 5 5 5 4 4 4 4 4 5 5 /5 7 5 5 5 5 45 4 4 4 4 5 5 4 5 4 4 4 4 45 5 5 4 35 35 45 5 5 4 6 5 
switch t10.9 /5 /5 4 52 5 5 5 5 4 5 4 5 5 5 5 5 5 5 5 5 5 5 4 4 4 4 4 4 4 4 5 5 5 4 4 45 5 5 4 4 4 4 5 45 /5 /5 4 45 4 5 5 3 3 4 4 35 t10.2 /4 /4 4 5 5 5 4 4 4 45 45 5 5 5 5 5 6 5 5 5 5 5 5 5 52 5 5 55 5 5 5 5 5 55 5 5 5 54 4 5 5 5 5 5 5 52 5 5 5 5 5 5 55 5  55 5 
switch t8.3 /5 /5 /4 52 5 5 5 6 6 65 6 6 6 6 52 62 6 65 65 6 6 6 6 6 6 6 655 7 6 6 6 62 6 6 6 6 6 65 65 65 65 6 6 5 5 5 65 55 5 5 6 65 5 5 6 6 6 t9.1 /4 4 4 4 4 5 5 54 4 45 4 45 4 4 4 4 5 5 4 4 3 5 5 6 
switch t9.1 /5 /5 5 45 5 5 5 6 45 4 4 5 l /4 /4 4 5 5 l 5 l m /4 4 4 4 3 4 3 35 4 4 2 3 t8.5 /4 /4 4 5 4 3 5 5 5 l 5 5 /5 4 6 5 5 5 5 6 5 6 6 5 5 6 7 t9.2 /4 /4 4 3 65 l 65 3 4 6 3 3 3 4 4 4 5 5 5 /4 /4 4 5 5 45 4 4 3 3 45 5 5 5 4 4 4 4 3 25 3 3 4 4 /25 /5 2 t7.7 /5 /5 4 4 5 7 45 45 7 45 6 l 65 6 6 52 t8.4 /45 /5 45 45 45 55 l 6 l 45 l 5 m /4 /4 /4 4 35 4 4 4 4 4 35 4 5 3 3 2 4 4 3 45 5 5 3 57 l /4 /4 3 42 4 5 1 4 4 15 2 1 t7.9 /4 65 l 52 45 45 5 4 5 5 3 35 3 /3 2 3 4 4 45 35 1 45 4 4 1 4 3 3 3 3 3 3 4 3 4 35 3 3 35 4 35 3 4 4 4 3 3 25 1 3 4 5 65 t10.2 /4 /5 4 5 5 45 45 5 5 65 7 5 7 35 7 4 /4 /4 /4 5 5 45 5 5 5 5 5 5 5 55 5 45 45 4 4 5 5 3 4 35 4 4 4 5 4 4 4 45 5 3 4 5 4 4 42 4 4 3 4 4 5 4 4 4 4 4 4 3 4 4 4 5 4 4 4 4 4 5 5 4 5 4 5 5 4 5 5 4 4 4 4 4 5 5 4 
switch t9.9 /5 /4 4 45 5 5 7 6 6 6 6 6 62 6 5 5 5 5 5 5 65 65 5 5 /5 /5 /7 8 75 7 5 5 5 6 4 6 6 5 6 5 5 4 5 5 65 6 6 5 5 4 4 6 6 6 7 5 5 5 8 m /6 45 4 5 35 4 5 /7 /9 /35 /4 /4 9 t10.5 /3 /4 /5 /5 3 5 5 7 l 7 6 55 62 52 /5 /5 5 52 6 52 55 6 6 6 6 6 6 5 4 6 55 5 5 55 55 5 5 65 6 5 6 5 5 6 6 5 5 6 6 5 5 5 5 5 5 5 5 5 5 5 5 5 6 5 5 5 55 5 5 6 6 6 5 5 5 5 5 5 5 55 5 5 5 5 5 6 5 6 5 5 5 5 55 5 5 5 5 5
switch t7.0 /4 /3 3 35 4 5 5 5 5 5 55 4 4 4 4 5 5 5 5 5 3 4 4 4 4 35 35 5 5 4 4 25 t6.8 /35 /35 3 35 3 35 4 4 4 4 4 4 5 /4 25 3 6 6 3 3 3 25 t6.5 /4 /4 35 5 5 4 4 5 5 4 35 5 6 5 5 52 3 4 62 6 5 5 6 6 /5 /5 4 45 5 52 4 4 4 4 4 3 4 3 3 4 5 5 35 4 4 52 4 4 4 5 5 
switch t6.5 /5 /5 5 6 6 6 52 5 65 7 7 65 t6.9 /4 /4 4 5 5 4 4 4 3 6 6 65 5 5 4 4 4 4 4 4 5 5 5 5 4 4 4 4 5 5 6 4 4 6 5 5 5 5 4 4 4 6 6 5 5 4 4 35 5 4 4 3 4 4 42 4 35 4 4 4 5 5 42 4 4 5 5 
switch t9.3 /5 /5 5 45 52 5 7 5 5 5 5 4 4 5 5 5 6 62 6 5 5 5 5 5 5 /5 /5 5 6 65 75 t10.0 /5 /5 4 5 5 4 4 4 5 5 4 35 4 4 4 5 5 4 4 35 4 4 4 4 4 4 4 4 4 5 5 35 3 4 4 4 4 4 35 4 4 4 4 4 4 4 4
switch t8.2 /4 /4 4 45 4 45 4 4 5 5 4 5 4 4 4 5 5 42 4 3 3 t7.6 /4 /5 4 4 4 35 4 l 4 4 5 5 5 5 5 5 5 5 5 6 4 
switch t8.2 /5 /5 5 52 6 5 5 5 5 5 5 55 5 5 6 6 5 5 65 52 6 52 6 5 t7.5 /5 /5 55 55 6 6 6 7 5 6 65 6 5 6 6 5 5 5 62 6 62 6 6 6 7 62 6 6 6 6 6 6 6 6 6 6 6 65 7 75 t8.2 /5 /5 55 5 5 5 4 5 5 5 6 6 /5 /5 5 52 6 52 5 5 5 5 5 56 6 6 6 6 52 5 5 4 65 62 62 5 5 65 6 6 6 5 5 62 62 6 6
switch t9.0 /5 /5 5 6 52 55 5 52 45 72 5 5 7 65 7 65 5 5 5 5 6 6 6 75 6 6 65 45 5 6 5 6 6 7 55 5 65 4 5 35 62 6 6 85 65 t9.2 /4 /35 4 4 4 5 5 45 6 5 42 4 4 4 4 4 5 5 52 4 4 5 5 5 4 35 5 5 5 4 5 6 6 /4 /5 4 52 6 5 7 65 6 5 5 6 5 5 6 6 5 5 4 5 5 5 5 5 5 6 52 6 6 52 6 72 6 5 4 5 7 7 7 5 5 5 45 5 5 6 6 5 5 5 5 72 7 6 6 3 5 62 /5 /6 8 75 7 8 8 t9.8 /5 /6 5 75 5 65 3 5 4 5 7 4 
switch t7.6 /4 /45 4 3 4 65 4 2 45 4 4 5 45 3 42 5 5 62 42 3 5 4 4 4 3 4 4 75 3 5 4 2 45 45 4 25 4 t7.3 /5 /5 4 25 5 45 5 4 4 4 4 5 6 35 3 55 4 5 45 3 4 4 5 35 t6.6 /5 /5 5 55 6 7 7 62 6 5 5 5 5 3 4 4 
switch t7.6 /6 /6 6 65 6 7 4 45 5 5 7 7 7 65 6 6 6 6 5 65 6 55 5 5 4 4 5 65 5 5 5 5 6 6 6 5 7 5 6 6 6 7 7 7 6 6 6 6 55 6 7 5 5 5 6 6 62 6 6 55 5 5 6 5 4 65 72 65 5 52 5 5 4 4 52 5 5 5 /5 /5 5 65 6 6 5 5 /75 8 t8.2 /5 /5 5 6 4 4 5 5 4 5 4 5 5 5 5 5 5 65 5 5 5 5 6 55 6 6 6 6 5 5 6 6 /7 /6 7 5 6 6 5 62 6 6 5 5 45 5 5 52 55 5 5 62 45 5 5 5 7 6 4 45 45 4 45 6 6 5 5 
switch t9.6 /5 /5 4 45 6 55 35 5 6 6 6 /4 3 7 62 5 5 3 45 3 35 7 6 6 6 6 7 6 6 7 6 6 7 7 6 5 5 7 6 7 7 52 5 75 l 65 7 m /5 /5 5 5 5 45 5 5 62 4 35 4 3 35 /4 2 4 4 5 45 5 5 45 4 5 35 42 5 65 6 52 5 5
switch t9.3 /6 /6 5 65 6 6 5 6 65 7 7 6 6 6 65 65 65 7 65 6 6 6 6 65 55 65 7 65 75 55 6 6 6 67 6 75 8 m /6 /6 6 65 72 65 t9.8 7 6 6 6 75 65 62 6 65 8 8 m /5 5 5 52 6 6 65 55 5 55 6 65 7 7 6 6 6 6 6 /6 /6 6 65 7 6 5 6 6 6 6 62 6 6 6 6 65 6 7 65 55 6 5 6 65 5 6 6 65 65 5 7 6 65 6 6 6 6 65 6 65 62 6 6 6 6 7
switch t8.8 /5 /5 5 5 4 65 5 5 4 5 5 5 5 5 5 5 2 5 5 4 5 6 35 65 6 t8.0 /7 /6 65 4 7 6 7 7 75 65 7 75 t8.9 /4 4 4
switch t8.4 /5 /5 5 65 6 62 65 6 72 6 5 6 6 65 /4 /7 /7 99 5 5 7 55 72 9 75 m /5 55 7 8 t10.3 /5 5 55 7 6 75 7 65 7 7 6 6 72 7 4 65 6 6 65 7 65 6 55 72 75 8 l 6 65 7 6 7 72 8 l m /4 4 52 4 4 4 6 65 5 5 5 5 5 5 4 6 5 /5 /5 5 5 5 6 5 45 5 65 4 5 4 35 4 4 4 5 35 
switch t8.2 /4 /5 4 45 5 5 5 5 5 5 5 55 5 65 4 4 5 5 5 4 5 42 5 7 l 5 t7.8 /4 /4 5 35 35 5 4 45 5 5 6 6 5 55 l 7 7 5 5 4 4 75 5 7 4 75 6 55 l 5 5 35 5 5 5 5 5 5 5 5 5 5 5 5 5
switch t6.6 /5 /6 5 65 4 5 65 5 5 5 6 5 5 65 65 6 7 65 4 65 52 5 5 7 7 7 /7 85 t7.3 /52 /52 52 5 4 45 7 7 6 6 6 52 5 5 7 5 5 5 5 5 5 6 5 5 5 5 45 62 5 5 6 52 6 6 62 5 5 65 6 65 65 6 5 52 52 45 45 
switch t7.3 /5 /5 5 45 6 52 62 6 6 5 5 5 5 65 5 35 4 4 6 5 5 5 5 5 5 5 5 5 5 6 5 5 5 6 6 6 6 6 7 5 5 6 6 5 5 5 5 5 5 5 /5 /5 5 5 7 7 5 72 75 8 t7.6 /5 /5 5 4 45 5 4 3 5 4 4 4 45 45 25 35 4 4 6 6 
switch t7.6 /35 /4 4 4 4 5 4 4 5 5 42 5 3 5 5 3 4 25 t7.2 /5 5 55 5 5 45 5 5 4 5 4 4 5 5 5 4 4 5 5 4 6 5 4 35 5 65 5 5 5 52 5 5 5 5 5 3 5 5 5 45 6 5 5 3 4 6 6 5 4 4 5 5 5 5 5 45 5 5 
switch t7.5 /5 /5 5 52 5 6 6 6 7 6 7 56 72 /65 /7 8 t7.9 /5 /5 4 45 5 65 5 5 5 4 5 5 5 5 6 6 6 6 6 35 6 5 5 4 4 6 5 55 5 4 5 5 3 1 t7.5 /5 5 4 62 62 3 62 4 45 4 4 45 5 5 4 5 5 5 45 6 6 6 5 4 
switch t6.5 /6 /5 5 6 55 5 55 5 5 6 6 55 5 5 65 5 52 6 6 6 4 6 6 52 62 65 5 5 5 5 5 6 55 5 5 55 5 5 5 6 5 5 t7.3 /4 /4 5 4 4 4 4 4 35 4 65 6 5 5 5 5 5 5 4 65 7 5 7 99 75 5 5 5 5 5 5 4 6 6 6 6 6 65 
switch t8.0 /6 /6 5 65 6 65 7 6 8 9 m /4 /5 5 5 35 0 /9 /7 /6 /9 /5 0 
switch t6.8 /5 /4 4 45 5 5 3 4 4 4 6 4 4 62 6 6 6 7 65 65 7 5 5 65 5 l 5 5 /6 65 4 65 6 6 6 6 7 t7.4 /5 /6 5 62 4 4 6 6 6 4 5 5 5 5 4 4 4 5 5 5 4 4 5 5 5 5 4 4 4 4 4 4 4 4 4 5 5 35 4
switch t7.5 5 52 45 45 45 45 5 5 5 5 5 5 4 4 5 5 5 45 5 5 55 5 6 5 5 52 /4 /4 5 5 6 65 m 45 5 6 35 4 4 6 5 5 5 65 6 m /35 /3 3 4 4 4 4 4 35 4 35 35 3 3 4 4 4 4 4 4 35 35 4 4 4 4 5 5 
switch t7.5 /42 /4 4 4 4 4 5 4 4 4 4 4 4 4 6 6 5 5 6 6 5 5 4 4 4 4 6 6 45 4 4 4 /6 /4 65 m /3 /35 35 3 4 4 4 3 /4 /3 35 4 3 3 4 4 3 3 3 3 5 5 4 4 3 3 
switch t7.5 5 45 4 3 35 5 5 4 4 5 5 4 45 5 5 /45 /4 35 5 6 5 6 6 6 6 6 6 m /4 /45 4 4 4 6 5 4 4 4 4 5 4 45 4 4 4 4 4 4 4 5 5 4 4 45 4 4 4 4 4 45 45 
switch t7.0 4 4 5 5 55 5 55 5 4 4 4 4 /42 /4 4 4 5 52 6 6 6 6 6 6 6 /6 /65 7 m /4 /3 3 4 5 5 5 5 5 5 5 5 5 55 4 4 5 52 5 5 5 52 4 5 52 5 5 5 52 4 4 5 5 5 5 5 5 
switch t7.0 45 4 4 4 4 4 5 5 4 4 5 5 4 4 /3 /4 4 3 3 3 4 4 45 45 35 4 45 45 4 4 6 75 /2 /3 4 35 45 4 45 45 4 4 6 6 4 4 4 4 5 45 52 5 /4 45 4 42 4 4 4 4 5 5 45 45 
switch t7.5 /4 /4 4 35 42 4 4 4 4 4 4 4 42 45 4 3 4 5 5 4 35 4 45 45 45 4 3 4 4 5 5 4 4 5 5 4 4 5 5 5 4 35 4 t8.5 42 4 4 4 4 4 4 4 5 5 4 4 4 42 4 4 6 4 4 3 4 4 5 55 4 4 4 4 4 l 65 t9.0 /4 4 5 5 5 5 /4 /4 4 35 4 42 3 4 4 4 4 35 4 35 4 4 4 4 4 4 4 35 5 5 6 m /3 3 3 3 3 3 3 3 25 4 3 3 4 4 3 35 3 15 25 3 25 3 6 4 4 3 32 35 4 3 35 
switch t9.0 3 3 45 45 4 3 4 4 4 35 25 3 /3 /3 25 32 4 35 3 35 3 3 2 3 t8.3 /3 /3 3 3 35 4 3 35 3 3 3 3 15 3 35 3 3 3 35 35 3 4 3 35 25 3 3 3 3 35 3 3 3 3 3 3 3 3 3 3 3 3 4 3 3 3 3 35 3 3 35 3 25 3 3 3 3 
switch t8.5 /4 /45 3 4 45 4 5 4 5 3 3 45 45 3 6 65 t9.5 /4 4 4 5 35 4 4 4 4 35 25 3 3 3 4 4 3 3 45 4 4 3 3 3 4 4 35 4 15 3 3
switch t9.2 /4 /4 3 42 32 3 4 4 42 3 35 3 3 4 52 5 5 5 4 4 5 42 5 5 3 35 3 3 35 3 3 3 3 2 t8.5 /3 3 4 3 4 4 35 35 4 4 4 35 4 4 3 3 4 4 45 4 5 5 5 5 5 42 5 5 5 5 5 5 5 4 5 5 5 5 4 5 4 55
switch t8.0 3 35 4 4 3 2 /4 /4 3 35 4 4 4 4 4 4 4 4 35 4 4 4 4 l 35 m /3 /4 4 5 5 4 l 3 35 3 4 4 3 3 35 2 25 35 4 4 4 4 4 4 4 4 4 4 4 4 4 4 2 25 3 3 15 t7.5 /3 3 4 42 2 4 4 4 4 4 2 3 4 4 4 4 4 4 35 4 35 4 4 4 
switch t7.0 4 4 4 5 5 5 5 5 5 5 4 4 5 /4 /4 4 45 5 45 45 55 45 4 5 3 t7.5 /3 3 45 4 4 5 4 3 5 5 4 4 4 l 4 4 5 5 5 3 3 5 5 4 4 4 4 4 4 3 5 3 4 3 4 4 4 5 4
switch t7.5 5 4 4 25 25 1 3 35 3 4 3 4 /4 /4 3 35 3 4 25 25 4 3 3 3 t6.9 3 3 3 5 45 3 4 4 4 5 4 5 4 4 4 4 5 5 4 4 5 4 4 4 5 5 5 4 4 4 45 
switch t8.7 /4 /4 35 4 42 4 4 4 4 44 4 4 4 4 4 4 4 3 4 4 4 4 4 4 4 4 4 4 4 3 35 4 3 3 4 l m /4 4 4 4 4 4 44 4 4 4 4 4 4 4 4 4 4 4 4 35 4 5 5 4 3 4 l 3 3 3 4 4 4 4 
switch t8.7 /4 4 4 35 42 4 5 4 4 4 4 4 4 4 4 4 3 4 4 45 5 4 4 4 4 45 4 4 45 4 4 5 5 5 5 5 5 5 5 4 5 4 4 5 5 5 5 5 5 5 4 5 5 t9.3 /4 4 35 4 4 5 4 4 5 l 45 45 4 4 4 4 4 4 4 4 45 4 4 4 4 42 5 5 4 4 4 5
switch t10.4 /5 45 45 4 5 45 4 4 5 45 5 5 5 5 5 5 5 5 555 6 55 5 5 4 5 5 5 5 5 5 4 45 45 5 5 l 5 m /4 4 45 5 45 45 52 52 3 4 3 3 35 5 5 4 3 35 4 4 3 4 4 4 3 4 4 4 4 3 4 4 4 4 4 4 42 35 4 3 35 3 45 35 4 4 4 35 4 45 5 5 32 5 5 m /35 35 4 4 35 4 4 4 35 35 3 5 3 3 3 3 3 3 3 3 32 3 3 3 3 3 5 3 3 3 3 5 35 35 5 5 4 4 4 35 4 4 3 3 3 4 4 35 32 3 3 3 /4 /4 3 35 42 4 35 4 3 4 3 3 3 3 4 4 5 5 55 55 6 m /4 4 6 4 5 4 4 4 5 5 4 35 4 5 5 45 45 45 5 5 5 5 4 4 4 45 4 4 4 4 35 4 4 5 5 52 4 35 3 3 35 5
switch t9.3 /4 /4 4 4 45 4 42 4 4 4 35 4 4 5 4 4 4 5 5 4 4 4 45 5 4 42 5 4 4 4 4 4 4 4 4 4 44 4 35 4 4 4 4 4 4 4 4 4 4 35 4 4 4 4 4 4 4 5 5 l 4 4 4 5 5 6 65 t10.3 /4 4 35 35 4 5 4 4 5 l 3 4 4 /4 /4 3 35 4 42 t9.3 /3 3 4 3 5 4 3 35 3 2 t8.1 /4 /5 4 4 3 3 5 5 3 4 4 4 42 35 4 4 35 5 52 5 5 5 6 45 5 4 4 4 4 4 4 5 5 5 45 4 4 
switch t6.5 /4 /4 4 3 4 4 42 3 42 4 35 4 5 5 4 5 4 4 4 35 35 4 3 5 5 5 3 4 4 4 5 5 4 5 5 5 5 4 4 4 5 4 5 4 4 5 5 5 5 5 5 l 4 5 t7.3 /4 4 4 4 4 4 45 3 4 5 5 4 2 4 4 4 4 4 4 4 5 4 l 5 4 
switch t7.3 4 4 4 4 4 4 3 4 4 4 4 4 4 4 4 4 4 4 4 4 35 4 5 l m /4 4 4 45 l 35 35 3 4 4 4 5 4 4 4 4 5 5 4 4 45 45 5 5 4 4 4 4 4 4 4 45 45 l 45 4 3 
switch t8.7 /4 /4 4 4 42 4 5 5 5 l 5 4 4 4 3 4 35 4 4 4 4 3 3 4 4 35 35 4 4 5 35 4 3 3 4 l 45 m /3 3 4 4 4 35 4 4 4 4 4 4 4 4 4 4 4 44 4 /3 /4 4 4 42 35 3 35 l 3 3 
switch t8.7 /4 /4 4 45 5 4 4 4 4 4 4 4 4 4 4 4 4 4 4 4 5 4 4 4 4 4 4 45 45 5 5 4 4 4 4 4 45 4 4 45 4 4 4 45 4 4 45 4 52 5 55 45 5 5 m /35 4 4 4 5 4 4 4 4 4 4 5 4 4 4 4 4 4 4 4 4 4 4 5 4 /4 /45 4 4 42 45 3 3 4 4 3 3 4 4 4 4 4 4 4 4 4 4 4 4 4 4 4 4 3 4 35 35 35 45 45 5 4 5 
switch t8.7 /4 /4 4 35 42 4 4 4 4 4 4 4 4 4 4 4 5 5 5 5 4 4 4 4 4 5 5 5 5 45 l m /4 /4 4 4 4 3 4 4 4 5 5 5 5 5 5 5 5 4 4 4 4 4 4 5 5 5 5 5 5 5 4 5 5 4 42 4 4 
switch t9.4 /4 /4 4 42 4 45 5 4 4 45 5 5 45 45 4 5 4 4 5 5 5 5 4 4 5 3 4 4 4 4 4 4 4 4 4 4 4 4 4 4 4  4 4 45 35 5 5 5 5 5 5 4 4 65 55 m /4 35 4 35 35 4 3 35 4 4 4 4 4 4 5 45 4 4 4 4 5 4 5 4 5
switch t6.2 /4 /4 4 42 4 5 4 5 5 5 4 4 5 5 5 5 5 5 5 5 5 5 5 5 t7.3 /3 4 4 4 4 35 5 5 5 4 5 5 5 5 4 4 3 4 4 5 5 5 5 4 4 4 4 4 4 4 35 4 4 4 4 
switch t8.7 /5 /5 4 5 5 45 4 4 42 4 5 5 4 3 4 3 4 4 3 3 3 3 4 3 3 35 3 3 4 35 25 3 3 3 35 3 32 3 35 3 25 2 t7.2 /4 35 4 42 42 4 5 42 5 5 5 45 4 4 4 42 42 6 35 4 45 45 4 4 4 45 4 4 4 45 4 5 5 4 4 4 4 4
switch t7.2 4 5 5 5 5 4 4 4 5 4 4 4 5 5 4 5 4 4 5 4 5 4 4 4 4 5 4 /9 8 m /4 4 4 42 4 4 /4 /4 4 42 4 4 3 4 3 4 4 4 5 4 5 4 4 4 4 4 4 4 4 4 4 4 4 4 5 4 4 5 5 5 3 3 4 3 35 4 4 3 5 4 4 4 4 4 3 3 4 4 3 4 4 
switch t8.4 4 5 5 5 5 5 5 5 5 5 5 5 5 5 5 5 5 5 5 5 52 5 5 5 5 5 5 5 55 6 m /4 4 5 4 5 5 35 4 4 4 45 4 4 5 5 4 4 4 5 5 5 5 5 4 4 5 45 5 5 5 /5 /5 4 5 42 5 4 4 5 5 5 5 5 5 5 5 5 l m /4 4 4 5 5 5 45 45 5 5 5 5 4 4 45 5 5 4 45 5 5 45 5 5 5 5 4 4 l 35 35 4 4 4 4 5 5 5 5 5 5 4 4 4 4 l 4 4 4 4 4 5 5 4 4 4 4 4 4 4 5 4 4 /5 4 5 42 5 45 5 5 5 4 4 4 4 4 4 4 4 l m /4 4 45 4 4 45 4 4 45 45 4 5 4 4 45 45 5 45 4 42 45 5 4 42 42 5 4 4 4 4 4 45 45 4 4 5
switch t8.4 /4 4 42 5 42 4 4 4 4 4 4 45 4 4 42 4 5 3 35 4 35 5 5 4 4 5 5 5 4 45 5 5 5 4 4 5 5 5 5 4 l 4 m /4 3 35 4 4 5 45 5 4 4 4 4 45 4 4 4 4 4 4 5 5 4 4 5 5 35 4 4 4 3 4 4 4 5 4 5 4 
switch t8.4 /4 4 4 42 5 4 5 5 5 5 5 5 4 5 4 45 4 4 5 5 5 4 4 5 4 4 4 4 5 5 5 5 4 4 4 5 5 5 5 5 5 4 4 4 5 5 4 5 4 4 5 42 5 5 l m /4 /3 3 4 4 4 4 4 4 5 5 5 4 4 4 4 4 4 5 5 5 4 5 5
switch t9.0 3 3 3 3 3 35 4 3 3 3 3 4 4 35 3 3 4 35 35 3 4 35 4 3 4 /4 /4 3 32 35 4 3 35 25 4 15 1 t8.0 /35 3 3 35 4 4 4 4 4 35 4 4 3 3 4 4 3 4 4 4 4 4 3 3 3 3 4 4 4 35 4 4 4 4 4 35 4 4 4 4 4 3 4 5 4 4 4 4 4 4 4 
switch t9.3 /5 5 52 5 5 5 6 55 6 6 6 6 4 4 5 5 5 5 5 5 5 4 4 4 3 1 3 25 1 t7.9 /4 4 5 4 4 42 5 4 45 45 4 5 5 5 5 45 4 4 4 4 35 35 4 4 4 4 4 4 4 4 4 35 4 4 5 5 4 4 4 35 4 4 5 
switch t7.9 45 5 5 5 5 4 5 5 5 5 4 4 4 4 5 5 5 5 45 45 4 5 55 6 /5 /5 5 42 52 5 62 6 65 6 5 5 5 65 6 65 t8.6 /4 4 4 3 4 4 6 65 5 5 5 6 5 5 5 5 4 4 42 45 4 4 3 3 4 4 3 3 4 4 4 3 5 5 5 5 
switch t8.0 /4 /4 4 42 4 35 4 5 4 4 4 4 4 4 4 4 35 35 3 3 4 4 4 4 4 3 3 4 25 4 l 35 4 3 3 4 25 t7.6 /4 3 4 4 3 4 5 5 35 35 42 42 5 5 4 4 5 5 4 4 4 4 25 4 4 4 4 5 5 65 62 65 65 65 5 5 /4 /5 4 42 4 5 4 5 4 5 5 45 4 4 4 4 62 65 t8.3 /4 4 62 5 5 4 4 4 35 4 4 4 3 4 35 35 3 3 1 t7.3 /4 /4 3 4 4 5 6 5 5 6 6 6 6 62 52 5 5 5 6 62 6 6 6 5 65 m /4 4 4 4 4 3 4 3 35 4 4 4 4 35 4 4 4 /4 /4 45 5 4 42 5 5 42 45 3 3 3 3 5 2 2 2 5 5 5 5 5 3 25 2 0 t6.3 /35 3 5 5 6 5 4 4 3 4 35 4 4 4 5 5 5 5 62 52 52 6 52 5 5 5 6 5 6 6 65 m /4 /4 4 4 3 4 5 5 4 6 5 5 4 4 4 4 4 4 4 4 4 4
switch t7.2 /4 /4 4 42 4 5 4 4 4 4 4 4 3 4 4 3 4 4 4 4 35 4 2 0 t6.2 3 4 3 4 3 4 3 3 4 35 35 4 4 4 4 4 4 4 4 4 5 5 4 l 5 4 4 45 45 5 5 45 45 45 l 3 5 5 t7.2 5 6 6 65 5 55 6 6 52 65 65 m /4 3 4 4 4 4 4 /5 /5 4 42 4 5 4 3 1 25 3 25 t6.6 /5 4 4 4 4 3 4 4 4 4 5 5 4 4 4 4 4 4 4 5 5 3 4 4 4 35 3 5 5 5 4 4 35 3 5 5 3 5 5 4 4 5
switch t6.6 /4 /4 4 5 52 5 4 4 4 4 5 5 5 6 5 5 5 5 5 5 5 5 6 65 4 4 5 65 65 t7.6 /5 4 2 3 3 3 3 3 4 3 35 4 4 45 4 4 4 3 4 4 3 3 3 5 3 3 0 1 t6.6 /4 /3 4 3 45 5 3 4 4 3 4 3 3 3 4 4 
switch t10.2 /6 55 6 6 55 6 6 6 6 52 55 55 5 55 6 6 6 5 5 5 5 5 5 5 6 6 6 6 6 5 5 5 5 5 5 6 6 65 6 5 5 65 m /4 4 4 4 4 4 4 4 35 4 4 4 3 3 4 3 2 2 3 35 4 4 4 4 4 42 4 4 4 4 4 4 4 3 45 4 3 4
switch t10.2 4 4 4 4 4 4 5 5 4 4 4 5 5 5 5 4 45 5 5 5 4 l 3 45 45 5 5 l m 4 5 4 3 45 5 5 /5 /5 5 42 5 52 5 5 5 5 45 5 6 5 4 4 4 45 5 5 4 5 5 5 5 5 5 5 5 5 5 5 4 4 5 5 4 5 5 5 5 5 5 
switch t10.2 /5 /5 5 52 5 5 6 6 5 5 5 5 5 5 5 5 6 6 5 5 5 5 5 5 5 5 5 65 65 m 5 5 5 62 5 5 65 5 55 55 6 5 5 52 6 5 5 5 62 65 m /4 3 3 5 5 4 4 5 3 3 3 3 3 35 25 3 1 t9.4 4 4 45 l 4 4 4 4 /4 /4 4 35 4 4 5 4 3 4 4 35 4 5 5 5 4 4 4 4 5 3 3 4 3 3 5 5 5 5 5 4 4 5 5 5 5 
switch t9.5 /4 /4 4 42 4 5 62 4 3 4 4 4 4 4 5 4 4 4 4 4 4 4 4 5 4 4 4 45 5 4 4 3 65 4 l 5 5 4 4 4 5 5 5 55 5 4 4 5 5 5 4 5 65 6 m /4 3 35 4 3 35 3 4 4 5 4 5 4 35 4 4 4 4 3 4 4 45 4 4 4 
switch t7.3 6 5 6 7 5 6 5 7 6 5 5 5 5 5 5 7 8 t8.0 6 5 3 5 65 8 6 6 7 65 65 6 55 8 6 5 5 65 65 75 65 7 7 65 55 6 7 5 6 65 5 65 65 65 7 6 5 65 65 65 6 65 65
switch t7.6 3 3 3 3 3 3 2 2 3 3 4 3 3 4 3 3 6 6 3 3 3 3 5 5 t8.2 2 2 2 2 2 25 25 5 5 5 5 5 75 t8.4 /2 /2 2 2 2 2 3 3 3 3 6 6 3 3 2 2 
switch t7.8 /3 /3 3 32 3 35 3 3 2 2 3 l 3 2 2 2 2 4 4 3 3 3 3 3 3 3 3 15 l t7.5 /4 /5 5 52 5 5 3 3 25 6 6 3 t7.8 3 3 3 3 3 3 3 3 3 3 2 2 3 3 3 3 3 3 2 2 3 3 2 2 25 25 3 3 15 15 3 3 3 3 3 /3 /3 2 25 3 3 3 3 3 3 2 2 4 4 3 3 3 3 3 3 3 3 3 3 33 2 2 2 2 3 3 3 3 3 3 3 33  4 4 3 3 3 3 3 3 3 3 3 3 2 2 2 15 15 t7.4 5 5 2 2 3 3 3 3 3 3 3 5 5 /4 /4 3 35 3 42 4 4 3 3 4 4 3 3 3 3 2 2 3 3 3 35 3 3 35 35 3 3 3 3 3 3 3 3 5 5 3 3 5 5 6 6 3 3 3 3 3 3 25 25 5 5 25 l t7.6 /2 /3 2 35 3 35 4 4 15 15 5 5 4 4 5 5 4 4 3 3 3 3 /4 /3 3 32 3 4 4 3 3 3 3 3 3 4 4 4 4 5 5 4 4 2 2 
switch t8.0 3 3 5 5 4 4 4 4 35 35 5 5 5 5 42 45 5 5 3 3 /4 /4 4 45 4 42 t8.4 57 6 4 4 3 3 5 5 5 5 4 4 5 5 3 3 4 4 6 6 3 3 3 3 65 /4 /4 65 m /45 /4 4 4 4 4 4 4 4 /4 /4 4 45 4 42 4 4 4 45 4 4 3 3 3 3 3 3 3 3 3 3 4 4 3 3 4 4 4 4 35 35 4 4 3 3 4 4 3 3 
switch t6.8 /4 /3 3 2 2 l 2 2 3 5 2 2 3 5 5 t7.0 /65 /6 /3 /3 3 t7.4 /3 3 4 45 5 3 5 55 3 3 4 l t7.6 3 3 3 5 4 4 3 3 3 3 3 3 3 2 2 3 3 l 3 l /3 /4 /4 4 3 l /3 /3 5 2 2 2 2 2 3 15 2 15 2 25 3 2 2 2 2 2 3 3 3 3 
switch t6.5 3 3 3 3 3 5 2 2 3 3 15 15 3 3 /3 /3 2 25 3 25 3 3 25 3 25 25 3 3 2 2 2 2 15 15 t6.0 4 4 35 3 3 3 3 25 5 5 3 3 25 25 35 35 3 3 5 5 25 2 2 2 5 5 25 25 2 2 3 3 3 3 3 3 3 3 25 25 4 4 4 4 3 3 3 
