4.30 b28 8.2 n 7 7 6 65 8 6 65 5 5 5 4 5 5 5 6 65 7 6 6 7 6 8 t8.7 55 5 6 7 65 6 65 6 55 

5.5 b29 8.7 5 5 65 7 55 5 75 65 65 75 65 65 7 55 75 4 6 7 7 5 6 5 7 6 65 5 5 6 6 6 55 75 65 65 5 55 4 5 65 6 65 55 65 65 55 65 55 55 65 65 
5.5 b30 8.8 5 45 65 45 55 55 5 5 6 5 65 65 65 65 65 55 55 45 65 65 5 65 6 6 6 45 65 7 55 45 65 65 5 65 6 6 6 45 65 7 55 6 55 55
5.5 b31 8.8 5 6 65 6 5 6 5 4 5 65 65 65 55 6 75 5 6 5 65 55 4 6 5 6 65 55 55
5.5 b32 8.7 5 65 6 6 5 45 6 7 5 6 6 7 5 6 6 6 65 6 6 7 5 55 55 7 55 55 7 5 55 65 5 6 65 
5.6 b33 8.8 6 7 7 55 4 6 5 55 75 7 4 6 7 5 6 55 55 7 55 6 65 65 65 6 55 7 55 6 65 65 65 6 55 7 65
5.6 b34 8.8 55 7 6 5 6 7 6 6 6 7 t 65 5 6 5 65 65 7 65 7 55 55 65 7 55 55 65 6 4 75 7 65 65 7 55 65 55 65
5.6 b35 9.3 7 75 6 7 55 55 65 55 65 65 65 7 6 7 7 65 6 6 65 6 65 7 65 65 65 55 6 7 7 7 6 5 7 7
5.6 b36 9.3 7 6 55 7 6 65 65 75 7 65 7 6 65 65 6 65 65 65 6 5 6 65 65 6 5
5.7 b37 9.3 5 7 55 65 6 7 75 7 65 5 55 65 t 5 4 7 6 65 5 6 5 6 75 65 6 5 6 5 45 5 65 65 6 7 
5.7 b38 9.8 n 5 6 75 6 6 6 6 5 5 75 t 5 65 7 5 55 5 6 65 65 4 6 55 4 5 75 65 8 7 6 5 65 6 65 65 65 6 7 65 55 65 7 7 7 7 6 65
5.8 b39 8.8 65 6 7 65 6 6 55 7 65 7 7 7 7 65 7 6 65 65 75 6 65 8 l 65 55 6 7
5.8 b40 8.8 65 65 65 55 6 7 6 6 55 6 6 65 55 65 7 65 65 5 5 l 6 65 7 65 65 5 7 65 5 5 6 
5.11 b41 9.3 6 55 5 5 65 65 7 65 7 6 65 65 65 7 7 7 7 7 7 7 t 65 55 65 7 65 7 65 7 65 7
5.11 b42 9.4 65 6 65 7 7 6 65 65 7 6 7 5 5  65 65 6 75 75 8 t 5 55 75 6 6 7 65 7 65
5.11 b43 9.5 7 6 6 65 7 65 6 65 6 65 6 65 65  5 6 65 6 55 7 65 7 55 65 7 65 65 6 6 7 6 6 65 65 6 6 6 6 
5.18 b44 9.6 65 7 6 65 65 6 6 7 8 t 4 65 65 55 75 4 6 7 5 6 5 55 75 55 45 4 55 6 65 65 45 55 5
5.18 b45 9.9 6 55 55 5 7 65 5 6 5 6 55 5 5 65 5 6 65 6 65 65 55 65 6 7 5 5 5 
5.18 b46 9.9 5 6 65 55 7 t 65 7 6 5 45 55 5 6 5 3 3 5 35 4 35 t 45 5 4 5 45 6 55 7 5 5 5 7 7 5 5 5 65
5.18 b47 10.0 6 75 6 6 6 65 7 8 5 65 5 5 5 4 5 2 4 4 45 5 4 4 4 55 5 5 45 45 4 45 5 5 45  
5.19 b48 10.1 5 5 45 5 55 55 5 5 45 55 55 55 55 45 6 55 5 65 5 5 5 5 5 5 5 555 6 65 55 6 
5.20 b49 9.6 n 5 65 55 6 75 7 8 7 t 6 65 5 5 6 6 8 6 5 55 5 6 7 5 65 5 6 65 65 7 65 6 6 6 7 55 5 65 55 5 7 65
5.20 b50 9.7 6 65 7 6 5 35 65 7 6 65 7 6 65 55 55 65 6 7 6 5 5 5 55 5 6 5 7 75 7 7 65 65 7
5.20 b51 10.0 5 6 45 65 65 65 7 5 65 7 8 5 6 5 55 75 8 t 5 65 55 4 5 5 5 4 4 55 5 5 2 4 5 45
5.20 b52 10.0 55 6 6 5 5 55 55 5 6 5 5 5 6 6 45 4 6 4 5 6 6 65 7 55 6 6 5 6
5.21 b53 9.7 6 65 5 5 6 6 5 65 5 5 6 5 65 5 4 6 5 6 65 5 5 5 7 5 5 5 7 75 65 6 65 6 6 6 7 
5.21 b54 9.7 65 7 7 6 7 7 75 7 7 4 5 5  7 55 45 5 4 5 55 65 5 65 7 55 6 75 55 7 7 65 6 6 6 
5.21 b55 9.9 55 6 7 7 5 5 65 65 5 6 4 5 65 65 65 7 5 5 4 5 45 55 5 5 5 5 6 55 7 7 
5.22 b56 9.9 65 6 5 4 55 75 5 65 7 65 t 5 75 7 6 6 7 7 8 8 45 6 85 85 6 6 65 7 3.5 65 6 65 5 55 75 5 7 6 6 45 7 65 35 4 5 
5.22 b57 7.7 n 5 4 5 35 4 4 4 55 5 4 5 5 5 5 5 5 4 5 6 5 6 5 5 5 5 55 5 5 6 5 5 5 5 5 5 5 5
5.22 b58 7.7 4 4 4 5 5 35 5 4 5 5 5 5 55 5 5 5 6 65 7 5 55 55 4 5 5 5 4 5 55 5 5 
5.23 b59 7.7 55 45 5 45 6 5 5 5 5 55 5 45 6 5 5 45 55 5 55 5 5 5 45 7 5 5 5 
5.23 b60 7.7 5 5 35 4 6 5 55 5 5 65 5 5 5 5 55 5 6 65 5 5 5 5 55 5 5 65 55 6
5.23 b61 7.7 4 5 6 4 5 5 5 5 4 5 56 5 5 6 6 6 6 6 4 4 5 55 6 5 5 55 6 4 5 5 5
5.23 b62 10.2 2 4 5 4 7 6 6 5 45 45 5 5 5 5 5 3 4 5 5 65 6 4 45 7 5 3 5 5 6 7 5 5 5 7
5.23 b63 10.2 45 4 55 5 4 5 5 6 5 3 35 5 5 5 6 4 3 65 65 65 4 6 65 6 55 6 25 55 6 35
5.22 b64 10.2 45 6 6 65 6 6 3 65 65 5 5 6 6 5 55 6 5 55 65 6 6 5 6 5 4 6 7
5.23 b65 10.2 5 5 5 5 65 5 5 5 6 5 4 5 5 5 5 35 6 5 5 5 5 5 5 5 5
5.24 b66 7.7 6 5 45 5 5 6 5 45 4 45 65 65 35 45 45 5 45 6 5 6 5 5 55 5 55 55 65 6 5
5.25 b67 8.3 5 45 7 5 45 5 35 55 5 6 6 65 5 4 5 5 5 65 5 5 5 55 5 75 45 5 5 5
5.25 b68 8.3 6 6 6 6 6  6 3 5 5 5 45 6 5 5 5 5 55 65 6 5 55 5 5 55
5.25 b69 8.3 5 5 6 6 5 6 65 65 55 5 6 5 5 5 6 5 65 5 4 5 65 5 6  6
5.25 b70 8.3 5 5 3 6 5 5 5 5 5 6 5 5 5 5 55 55 5 5 5 55 6 5 5 55 65 5 55
5.26 b71 8.3 4 6 5 6 5 5 5 55 5 5 5 5 5 65 55 55 65 5 5 5 56 6 4 5 7  6 5 6 5 65 4 65 5
5.26 b72 8.3 6 5 5 5 6 5 5 5 6 5 5 5 6 5 45 5 5 6 6 5 5 6 65 5
5.26 b73 8.3 5 6 65 6 65 55 5 4 45 5 65 6 6 7 5 6 5 5 6 5 5 6 65 65 55
5.26 b74 8.3 6 5 5 5 65 6 5 5 65 6 5 55 6 7 7 t 55 5 6 55 6 65 65 65 6 5 5 6 65 5 55
5.27 b75 8.5 3 65 65 55 55 6 5 7 65 65 7 6 7 65 75 m 65 6 65 6 55 65 65 6 5 7 5 55 55 6 7
  