45 4 4 5 4 45 /5 /5 45 5 45 4 3 45 4 4 5 6 65 55 6 55 5 6 55 6 m 4 35 5 45 55 55 55 5 4 55 6 4 5 5 4 35 5 5 5 5 4 4 5 45 5 45 5 45 5 52 5 5 5 45 5 5 4 4 5
55 55 5 55 5 5 25 5 5 45 55 45 55 54 3 55 55 55 3 55 45 5 5 5 m 2 5 5 4 55 35 45 4 5 4 4 4 5 15 5 6 4 15 55
55 5 4 35 45 5 4 35 5 55 55 5 35 5 /5 /5 5 5 5 25 45 3 5 4 5 55 6 7 m 5 5 35 5 5 45 52 45 5 6 52 5 5 5 52 45  65 5 4 5 55 55
/3 /5 35 5 6 45 5 6 5 5 55 5 6 6 55 5 55 52 5 5 55 5 45 5 5 l 5 5 55 7 m 6 6 6 52 6 55 6 5 52 45 35 5 45 /4 45 35 5 45 45 45 4 55 52 5 52 55 6 6 5 6
5 55 55 6 5 6 45 55 55 /55 /5 5 5 6 55 55 6 5 45 6 6 /6 /6 6 6 45 65 65 5 5 6 7 m 65 5 55 6 4 62 6 5 5 55 52 55 65 45 4 5 52 5 5 65 5 5 55 6 52 55 6 6 6 45 7
/6 /6 6 6 45 65 65 5 5 6 7 m 65 5 55 6 4 62 6 5 5 55 52 55 65 45 4 5 52 5 5 65 5 5 55 6 52 55 6 6 6 45 7
/5 /5 45 5 55 6 5 6 6 5 55 6 65 52 6 5 6 52 6 55 62 65 45 65 7 7 /6 /65 45 55 6 55 6 45 55 65 7 m 6 55 55 45 45 /65 /6 62 5 6 7 65 6 6 65 5 65 65 65 65 5 7 7 
/5 /55 55 6 55 6 57 55 55 6 55 55 5 55 57 57 55 55 6 5 6 6 6 5 5 6 5 5 6 57 58 7 65 m 5 5 45 4 4 5 5 5 5 5 45 45 55 53 55 45 35 4 4 /45 /6 45 45 4 55 4 48 4 45 4 4 45 4 45 45 5 5 5 5 35 55 5 4 55 5 45 4
5 45 53 4 5 5 5 45 5 47 58 58 65 65 45 6 65 55 55 55 55 55 45 55 45 /4 /45 4 45 5 5 57 57 5 5 5 5 55 55 m 55 55 5 55 5 45 55 55 6 48 5 5 6 58 55 4 4 6 57 6 5 7 6 55 5 6 55 45 55 65 6 55 5 6 5 55 6 5 55 45 6 55
6 45 6 55 55 55 48 65 55 6 6 6 55 5 65 6 6 l m 5 6 6 6 65 55 55 6 7 45 5 55 65 6 5 65 6 45 55 6 55 6 6 55 55 55 57 55 55 6 5 5
55 55 55 57 55 55 6 5 5 6 55 5 5 55 55 5 5 5 6 55 6 55 6 55 5 52 6 62 55 l m 4 55 5 6 65 65 55 65 55 5 6 65 6 55 5 6 6 6
65 55 65 55 5 6 65 6 55 5 6 6 6 75 75 6 m 48 45 5 5 5 4 65 5 5 45 5 5 65 55 55 45 45 45 57 5 5 4 45 6
5 55 45 4 45 45 55 5 55 5 4 55 55 5 5 55 45 45 45 45 45 45 45 5 65 65 8 75 l m 5 45 4 45 3 45 45 55 45 55 45 5 45 5 6 35 65 55 4 45 55 6 4 6 4 5
45 45 45 45 45 5 65 65 8 75 l m 5 45 4 45 3 45 45 55 45 55 45 5 45 5 6 35 65 55 4 45 55 6 4 6 4 5
45 45 5 5 6 5 5 5 6 5 65 55 55 45 55 55 6 55 56 55 45 65 45 55 45 55 45 5 65 l m 6 4 35 45 55 5 45 45 5 5 35 5 5 65 45 55 5 5 5 55 55 5 5 55 55 5 5 5 5
7 55 6 7 m 55 55 6 5 7 55 7 5 6 6 5 6 7 4 6 6 4 7 55 7 5 55 5 6 7 6 7 55 57 5 55 50 55 6 7 55 57 4 7 6 6 5 55 6 5 5 55 45 5 52
55 6 55 56 5 58 55 6 5 55 5 7 7 65 7 7 m 5 6 55 4 6 6 6 55 45 6 5 45 45 6 5 5 5 6 6 5 5 35 5 5 6
55 7 4 5 6 55 55 7 48 8 5 5 55 7 7 5 7 55 6 2 m 5 5 5 55 5 55 45 4 45 6 3 35 1 35 5 35 4 5 5 65 4 5 1 5 35 4 5 5 65 4 5
55 5 6 55 6 65 65 65 6 5 5 6 65 5 55 3 65 65 55 55 6 5 7 65 65 7 6 7 65 75 m 65 6 65 6 55 65 65 6 5 7 5 55 55 6 7
55 65 6 8 75 6 6 7 6 7 6 65 65 7 6 65 7 65 m 55 5 5 4 5 35 4 4 35 4 6 65 7 6 65 6 65 55 5 5 5 5 5 5 6 7 6 6 55 7 6 6 7 5 5 6 55 7 6 5 7 4 65
6 6 55 55 55 5 55 5 6 5 6 55 6 5 65 6 5 5 5 6 6 5 5 5 7 6 7 75 75 5 55 5 6 m 5 6 5 5 55 5 55 5 5 6 65 6
55 5 65 4 5 7 4 6 7 m 35 4 5 55 4 6 5 7 5 5 6 5 55 6 5 65 75 65 6 6 6
5 9 4 5 65 75 m 5 5 5 45 5 45 4 5 5 4 5 55 5 35 55 55 5 4 45 35 5 5 4 3 4 4 5 5 5
5 5 4 4 4 4 5 5 4 4 52 52 5 5 5 5 5 5 4 4 5 5 5 5 65 m /5 5 52 62 65 6 65 5 6 5 5 5 5 5 5 4 35 4 4 4 4 4 65 5 4 4 4 4 3 4 
/5 /5 5 5 51 5 5 5 5 4 65 6 55 55 6 65 6 6 5 5 6 5 5 5 65 55 65 m /4 4 4 4 3 5 52 5 5 5 4 4 5 4 3 4 4 4 4 3 3 4 4 4 4 3 4 4 4 5 4 4 5 5 35 5 
4 4 5 5 4 35 5 4 5 5 3 5 5 4 4 5 4 4 45 5 5 45 5 5 35 4 4 4 3 3 3 l 35 4 l 5 65 m /4 4 4 4 4 52 4 3 4 4 4 4 /4 /4 4 42 4 5 4 4 4 4 4 4 4 3 42 45 4 4 4 4 4 4 4 4 l 4 4 4 4
/5 5 55 6 6 6 62 52 6 5 55 6 6 6 52 5 6 6 55 6 65 m /5 5 5 52 52 5 52 5 55 52 52 55 55 6 52 5 5 65
/4 /4 3 35 42 4 4 4 4 4 5 5 4 4 5 5 4 4 5 5 6 6 65 5 m /3 /3 3 3 3 4 3 3 3 3 3 3 2 2 3 3 /3 /3 3 25 3 2 2 2 2 25 3 3 4 3 4 4 3 3 35 35 3 3 25 25 
/3 /3 2 35 3 4 3 3 35 35 3 25 3 3 3 3 5 5 2 2 4 4 4 4 3 3 4 4 4 4 2 2 3 3 3 3 4 4 3 3 3 3 42 42 3 3 25 l 2 m 3 3 3 3 3 3 4 4 5 5 4 4 3 3 3 3 2 2 5 5 3 3 3 3 35 3
3 3 4 4 3 3 4 4 4 4 5 5 52 5 3 3 5 5 5 5 5 5 25 l m /4 /4 4 6 5 6 65 65 3 3 4 4 4 4 4 4 3 3 3 4 4 4 
3 3 4 4 4 4 4 4 4 3 3 3 4 4 4 /4 /4 3 42 35 4 3 3 3 3 3 3 3 3 2 l 2 m 3 3 3 3 3 3 3 3 3 3 3 3 3 3 35 35 3 3 3 3 2 3 3 3 3 3 2 2 3 3 
/4 /4 3 35 4 42 3 3 4 4 4 45 5 5 6 6 5 5 5 5 4 4 6 6 5 5 6 7 m /4 /3 4 4 45 5 5 4 4 2 5 /4 /4 3 35 4 42 5 5 2 2 3 3 1 1 2 2 1 1 4 4 4 4 3 3 35 35 4 4 1 1 2 2 4 4 3 3 3 3 2 2 
4 4 4 4 5 5 6 6 45 45 6 6 5 5 5 5 5 5 5 5 5 5 5 5 4 4 5 5 5 5 4 4 45 42 /4 /45 4 5 4 42 5 5 5 5 6 6 3 3 65 65 6 m /45 /4 4 4 5 5 35 4 5 5 5 5 4 4 5 5 5 5 52 5 5 5 5 5 5 5 5 5 5 4 4 5 5 4 4 5 5 4 4 4 4 6 6 5 5 5 5 5 5 4 4 5 5 3 3 3 3 
/4 /42 4 4 45 5 5 5 5 6 6 5 5 6 6 4 4 4 4 5 5 5 5 5 5 4 4 5 5 3 3 6 6 5 5 5 5 65 6 45 45 m /4 /3 3 4 2 2 2 2 2 2 3 3 4 4 3 3 5 5 3 3 3 3 5 5 3 3 3 3 25 2 2 2 3 3 
/2 /3 2 3 2 2 3 3 3 3 3 3 3 3 4 4 4 4 3 3 2 3 3 3 4 4 3 3 25 25 l 15 15 1 1 15 15 m /5 /45 45 5 6 6 5 5 5 5 6 5 5 5 5 5 5 5 65 5 5 6 5 5 5 5 5 6 4 4 5 5 45 45 4 4 4 
/42 4 4 4 5 42 3 3 6 6 4 4 45 45 5 5 4 4 5 5 5 6 5 5 6 6 6 65 m /2 /2 2 2 2 4 4 4 3 3 2 3 5 5 25 3 5 5 2 2 5 5 2 2 5 5 5 5 4 4 5 5 4 4 4 4 45 45 5 5 4 4 2 3 6 5 
4 4 4 4 3 3 2 2 2 2 5 5 6 6 5 5 2 3 4 3 4 35 3 6 6 3 35 5 5 5 6 /6 /65 /7 m /3 /35 3 4 4 4 3 35 5 5 45 45 4 4 5 5 2 25 5 5 4 4 3 3 2 2 3 3 25 3 3 3 2 2 4 4 2 15 4 4 4 4 2 2 2 2 4 4 4 4 4 4 4 5 4 3 3 
2 2 2 2 1 2 2 l 2 1 2 4 4 3 3 4 4 3 3 5 5 4 4 5 5 4 4 3 3 6 5 3 4 5 5 65 6 m /25 /3 25 2 2 5 2 2 4 4 25 25 5 5 5 5 25 3 3 3 3 3 4 4 25 25 4 35 4 5 5 3 3 4 4 3 3 45 4 3 3
5 5 5 5 55 5 5 5 5 5 5 55 5 5 45 45 5 5 5 5 5 5 6 6 /5 /45 4 5 45 5 5 5 6 6 7 5 m /4 /4 45 4 4 4 4 4 4 4 3 3 3 3 4 4 4 4 4 4 4 4 4 4 4 4 3 3 5 5 4  45 5 5 2 2 4 4 4 3 3 
6 52 5 3 4 3 5 55 5 5 4 4 45 45 /4 /4 35 42 35 4 55 55 6 6 65 m /45 /4 4 4 45 5 5 55 5 5 3 3 5 5 4 35 3 3 4 4 3 4 3 3 4 4 
4 4 4 4 5 5 4 4 4 4 6 6 3 3 /4 /4 3 35 42 4 4 4 6 65 3 3 m /4 /3 4 4 4 35 2 2 3 3 5 5 5 55 5 5 35 35 65 6 45 5 3 3 2 2
5 2 3 5 6 5 3 3 65 65 5 5 5 5 5 5 6 6 m 4 4 6 6 5 5 52 55 4 4 /4 /4 5 42 4 5 5 5 65 5 5 6 5 5 4 l 3 3 
2 2 25 25 5 5 3 3 3 3 4 4 5 5 /3 /3 2 4 32 3 3 3 5 5 6 6 6 6 6 6 65 m /15 /4 15 4 1 1 65 65 4 4 15 15 2 2 25 25 2 2 2 2 2 15 4 4 3 3 1 1 3 3 2 2 3 3 1 1 
4 4 35 35 3 3 3 3 4 4 5 5 4 4 4 4 3 3 4 4 /4 /3 3 3 35 4 4 4 6 6 65 m /4 /35 35 4 3 3 15 15 4 4 3 3 4 4 4 4 4 4 3 3 4 4 5 5 35 35 
2 3 3 5 45 3 3 3 3 4 4 4 4 4 4 3 3 3 3 25 3 /3 /3 2 28 3 35 4 4 5 5 65 65 m /3 /3 3 3 2 2 2 2 3 3 3 3 3 3 3 3 3 3 3 3 3 3 3 3 3 3 
25 25 2 2 3 3 15 15 3 3 25 25 2 2 3 3 /3 /2 3 23 3 25 3 3 25 25 2 2 2 2 3 9 m 2 2 3 1 3 25 3 3 4 45 3 3 3 3 32 32 3 3 3 3 3 3 25 25 25 25
/3 /3 3 3 l 3 3 3 3 3 3 3 3 2 2 45 4 2 2 2 l 2 5 5 3 3 5 5 7 7 m /3 /3 3 2 25 2 2 2 2 2 25 3 25 2 2 2 2 25 25 2 2 15 15 25 25 15 15 15 15 3 3 25 3 3 3 2 2 25 25 25 25 25 25 3 3 2 2
7 5 5 5 6 8 65 8 7 7 85 m /7 /7 7 /6 5 7 7 8 52 /6 /5 /99 9 6 67 8 6 7 6 7 65
5 52 5 5 5 5 5 5 5 5 4 4 6 6 4 4 4 4 45 45 4 4 6 l 6 6 65 75 m 3 3 4 4 3 3 3 3 25 25 3 3 4 4 2 2 4 4 4 4 35 4 4 25 3 45 45 4 4 4 4 
45 45 4 4 3 3 5 5 5 5 4 4 4 4 4 4 4 4 4 4 45 45 3 3 5 5 65 6 75 m /35 /3 35 5 5 4 4 4 3 3 4 4 6 4 4 4 3 3 45 45 6 6 4 4 5 5 4 4
/4 /5 4 45 5 45 35 4 4 4 5 5 6 4 4 6 /7 /7 /6 75 45 45 45 5 5 8 m /3 3 3 35 3 2 4 4 35 4 4 5 4 4 4 4 3 3 4 4 5 5 5 5 35 4 4 35 3 4 35 35 4 4 3 3 4 4 4 4 4 4 4 
5 5 4 4 5 5 4 5 5 5 5 5 6 6 5 5 /4 /4 45 4 4 6 4 4 5 5 5 m 3 3 3 4 45 45 2 2 2 2 4 4 4 4 5 5 l
4 4 3 3 5 5 /4 /4 3 32 4 3 4 4 5 5 4 l 3 5 5 5 5 3 5 4 2 /6 /4 7 4 7 m /3 3 4 3 4 4 5 l 5 5 4 4 45 35 4 25 5 5 5 4 4 4 42 4 5 4 4 25 5 
4 4 5 5 5 5 5 5 4 4 45 45 4 45 45 45 4 4 4 4 45 45 4 4 45 45 /5 /5 /6 /7 75 7 m /42 42 4 4 4 5 4 4 5 5 5 5 4 4 /5 4 4 45 5 5 45 45 /45 /45 0 5 42 42 4 4 4 4 35 35 4 4 4 5 65 6 4 5 
65 6 5 5 5 5 5 5 62 62 6 6 5 5 65 65 /4 /4 4 45 4 45 4 4 6 6 65 62 m /45 /5 5 45 5 5 4 4 4 4 35 4 5 5 3 4 4 
5 65 4 4 42 42 5 5 5 5 5 5 5 5 5 5 /45 /4 4 5 4 45 4 4 5 /6 /75 75 m /5 /5 5 5 5 5 4 4 6 6 5 5 5 5 5 5 5 5 5 5 5 45 45 5 5 
5 5 5 5 45 45 5 5 /4 /5 4 45 5 5 52 5 5 5 5 5 6 6 5 5 5 5 /6 /52 65 m /5 /5 5 5 45 5 6 6 5 6 5 5 55 55 5 5 5 5 5 5 45 5 5 4 5 5 5 5 5 5
5 5 65 6 45 45 4 4 6 5 5 5 5 4 45 /4 /5 4 45 6 52 45 4 5 5 65 6 65 6 m /4 4 5 5 5 5 4 5 5 6 5 5 45 45 5 5 5 5 5 5 5 5 5 5 5 5
3 35 4 4 3 35 4 4 4 4 4 4 4 4 4 4 4 4 5 5 4 4 5 5 65 5 m 4 4 4 4 4 4 5 5 4 4 4 4 4 4 3 35 4 45 4 4 4 4 4 4 4 4 4 4 4 4 
4 35 3 42 4 35 4 4 4 4 75 4 55 4 6 5 m /35 /4 4 4 4 4 4 4 4 4 4 4 4 4 4 4 4 4 4 4 3 3 4 4 4 4 4 4 4 4 4 4 5 5 
5 5 4 4 5 4 4 4 /35 /4 4 35 4 4 4 4 4 3 5 45 4 45 5 5 7 5 3 4 6 /6 7 m /3 /25 35 3 25 2 45 45 4 4 3 3 3 3 3 3 3 3 5 5 5 5 4 4 4 45 5 5 5 5
/4 /45 4 42 4 4 5 5 5 45 5 5 4 4 4 4 35 4 42 4 4 4 6 6 /7 /7 /9 8 m /4 /35 35 4 4 45 3 4 35 4 4 4 /35 /3 4 4 37 4 3 35 35 4 4 4 3 3 4 45 3 3 4 4 4 4 
4 4 65 4 4 4 3 4 5 6 4 4 4 4 4 3 35 4 6 47 6 4 6 6 65 /6 /45 75 m /4 3 3 35 4 4 3 3 /42 /3 4 37 4 42 3 4 3 3 35 3 35 35 7 4 4 
3 4 3 3 4 45 4 4 3 4 45 3 3 2 35 3 4 4 4 4 /37 /42 4 4 42 4 65 6 65 /7 /52 9 m /4 3 5 4 4 4 3 35 4 4 4 4 4 4 4 35 4 3 35 35 4 3 3 35 4 4 
/3 /42 4 37 4 4 4 4 4 4 4 4 4 4 6 5 45 4 /7 /4 /9 m /4 3 4 4 4 4 3 4 4 4 4 4 4 4 4 3 37 4 35 4 4 35 6
4 35 6 4 4 6 45 65 3 4 3 4 45 45 45 45 3 42 3 3 3 3 9 9 7 45 m 4 3 4 3 4 4 4 35 4 4 3 42 4 35 4 4 4 5 4 3 4 3 4 4 3 3 3 4 3 3 4 45 4 4 3 4 45 3
3 4 3 3 4 45 4 4 3 4 45 3 3 3 2 35 3 4 4 4 4 /37 /42 4 4 42 4 65 6 65 /7 /52 9 m /4 3 5 4 4 4 3 35 4 4 4 4 4 4 4 4 35 4 3 35 35 4 3 3 35 4 4
4 4 3 4 5 6 4 4 4 4 4 3 35 4 6 47 6 4 6 6 65 /6 /45 75 m /4 3 3 35 4 4 3 3 /3 /42 4 37 4 42 3 4 3 3 35 3 35 35 7 4 4 
4 4 4 4 /37 /45 4 4 4 37 52 5 45 4 4 4 4 4 5 6 6 /6 /5 7 m 3 35 5 35 4 35 4 4 4 4 4 4 4 4 4 37 4 4 4 4 4 4 4 4 4 4 
57 4 4 4 35 4 3 3 4 4 35 3 4 4 /35 /4 4 42 4 4 4 4 4 65 6 6 4 4 /8 /5 /4 7 m 4 4 4 35 4 4 4 4 4 4 4 4 6 5 4 4 35 3 4 4
4 4 4 4 6 6 5 /35 /42 4 4 37 4 4 4 42 4 5 5 35 4 6 /6 /7 9 m 4 4 4 4 4 4 4 4 4 4 4 4 4 4 4 4 4 4 35 4 
/35 /42 4 4 4 4 4 4 5 45 6 6 5 5 5 5 5 5 65 6 6 6 /5 /6 75 m 3 4 35 5 45 4 4 4 4 4 35 4 4 4 4 4 4 4 4 37 6 6 6 57 5 5 4 4 5 5 4 4 35 6 55 5 5 4 4 4
4 4 4 4 4 4 4 4 4 4 4 4 5 5 6 4 4 45 4 45 5 5 4 4 65 6 /57 /5 /7 6 m 4 4 6 5 6 6 4 4 5 5 4 4 6 5 6 6 4 4 5 5 4 4
5 5 5 5 4 4 45 52 5 5 6 4 4 6 6 65 6 5 5 5 5 5 75 m 5 4 4 4 4 4 5 5 6 4 4 5 4 4 5 4 4 45 42 4 4 4 4 4 6 65 5 5 5 
4 4 4 4 4 4 4 4 45 4 5 5 4 5 4 4 6 4 5 5 4 4 /4 /45 7 m 25 3 35 3 3 35 3 3 35 4 4 4 3 3 
4 4 4 4 2 2 4 4 5 5 4 4 5 5 4 4 45 4 5 5 5 55 5 5 5 5 7 7 4 4 /5 /5 /6 75 m /3 4 3 5 4 5 5 65 5 5 5 5 3 3 4 4 4 4 4 4 4 4 5 5 5 5 4 4 5 5 4 4 4 4 7 5 
3 3 3 4 45 5 4 4 3 4 4 4 4 4 4 4 4 45 4 4 /7 /5 8 4 35 3 3 /99 /4 8 m /4 /35 3 3 4 6 35 4 6 6 3 3 4 4 4 4 4 4 37 4 35 4 4 4 42 4 4 5 5 4 4 4 5 5 3 4 4 
35 4 4 4 4 4 4 4 6 5 4 4 4 5 5 5 4 45 4 42 5 45 5 4 5 5 7 5 5 /65 /4 9 m 4 4 4 4 3 3 25 3 4 3 4 4 4 4 37 4 5 4 45 5 4 4 35 4 35 4 4 4 5 4 4 4 4 4 5 42 4 4 4 4 4 4   
4 3 42 37 4 4 6 4 4 5 5 5 6 4 4 6 4 4 7 5 /8 /7 9 m /37 4 4 6 4 4 35 4 4 4 37 4 4 45 4 42 4 5 4 5 5 4 4 5 5 5 52 4 4 6 6 5 6 5 45 5 5 4 4 4 4 6 
4 4 37 4 4 45 4 42 4 5 4 5 5 4 4 5 5 5 52 4 4 6 6 5 6 5 45 5 5 4 4 4 4 6 /52 /45 75 m 35 3 4 35 3 4 35 4 3 42 37 4 4 6 4 4 5 5 5 6 4 4 6 4 4 
45 4 35 5 5 5 35 5 45 6 65 6 4 4 45 4 4 4 6 4 4 65 4 4 6 /5 /52 75 m /4 3 4 4 5 5 4 45 4 4 4 4 4 4 4 4 4 4 5 5 4 45 4 4 4 4 4 4 4 4 5 5 5 35 4 4 4 5 5 5 5 5 4 4 45
4 5 5 5 45 5 4 4 6 5 5 5 5 5 57 6 5 5 5 5 /45 /5 /4 45 45 47 6 52 /6 /55 /7 m 35 4 4 35 4 5 4 45 6 4 45 4 4 4 5 5 4 4 4 4 4 4 4 35 4 6 4 45 
4 4 4 4 45 5 45 4 5 45 4 4 4 4 4 4 4 4 4 5 5 42 4 45 4 4 /7 /65 7 m 4 35 37 3 4 4 4 42 6 4 4 4 4 42 35 4 4 4 3 4 4 4 4 4 4 35 4 4 4 4 4 4
4 4 35 3 4 3 35 4 4 3 25 4 4 42 4 4 5 42 45 3 5 5 45 4 25 27 m 3 3 3 3 4 4 4 37 4 4 42 4 4 4 37 4 5 35 4 5 65
4 4 45 4 5 4 4 45 4 4 4 45 4 45 4 42 4 4 45 4 4 35 4 6 6 /4 /45 7 m 4 4 4 4 4 35 4 4 3 4 4 42 4 4 3 4 42 45 4 4 42 4 37 4 4 4 4 35 52 5 
4 3 4 27 35 4 4 5 5 42 4 4 45 5 4 4 4 4 42 4 4 37 45 5 m 4 45 4 45 4 42 45 45 5 4 42 4 5 42 45 5 5 45 5 45 5 45 45 45 5 45 45 45 4 45 4 45 4 4 4 5 4 42 4 4 
4 4 42 4 45 4 35 4 4 45 5 3 3 4 4 4 3 4 4 4 3 3 25 m 4 4 4 25 4 4 4 45 4 4 4 4 4 4 4 5 4 45 4 4 4 4 4 4 4 4 4 45 4 4 4 4 4 42 4
4 4 45 4 45 5 5 4 5 6 45 5 45 5 4 4 4 4 5 /5 /5 7 4 4 4 4 4 5 /6 /45 7 m /3 /4 35 4 4 4 4 4 35 4 4 4 4 4 4 4 4 4 4 4 4 4 4 4 4 4
47 5 4 4 42 45 4 45 5 45 4 4 5 47 4 45 4 4 47 45 5 45 /5 /6 65 m /5 /5 6 5 5 5 45 4 4 45 4 4 5 5 4 42 45 5 47 5 5 52 5 6 
45 4 4 4 4 4 4 4 4 42 45 4 4 4 35 4 42 4 4 42 4 5 45 5 45 5 /5 /7 7 m /3 /45 35 4 4 4 42 4 4 45 45 4 4 42 4 45 4 45 4 4 4 42 4 4 4 45 4 4 
4 42 4 5 5 45 45 4 4 4 4 4 4 44 4 4 4 4 44 4 4 5 4 45 4 5 6 5 4 4 4 5 4 45 /65 /7 65 m 35 42 4 4 4 4 4 45 5 4 42 4 5 45 5 6 4 35 45 4 37 42 4 45 4 45 45 45 45 4 5 5 6 4 4 4 25 5 45 4 6 6 4 
4 4 4 4 5 42 4 4 4 4 4 45 6 6 45 4 35 4 4 35 3 4 4 /6 /5 7 3 4 /7 /9 8 m 4 4 4 4 35 4 4 4 35 4 3 4 4 4 4 4 4 35 4 4 4 4 4 35 4 3 4 4 4 4 42 4 45 4 4 4 4 4 45 42 4 42 4
4 4 4 4 35 4 3 4 4 4 4 42 4 45 4 4 4 4 4 45 42 4 42 44 4 4 4 4 35 4 /7 9 m 4 35 4 4 4 45 35 4 42 4 4 4 4 35 45 4 35 4 4 4 4 4 4 4 45 4 4 4 4 45 4 4 4 4 35 4 4 42 4 4 45 35 4
45 4 4 4 5 5 35 4 45 6 45 5 45 5 4 4 5 5 45 5 35 45 4 4 4 4 4 4 4 45 /5 /9 8 m 4 4 4 45 4 35 4 4 4 45 4 4 4 4 42 4 4 42 4 45
45 45 45 45 45 5 5 6 45 5 45 45 45 4 35 4 4 4 4 6 42 45 4 45 5 52 4 45 4 42 4 45 5 5 6 /5 /5 8 m /4 35 2 4 4 4 4 4 4 45 4 42 4 4 45 4 4 4 42 4 3 35 4 4 4 4 4 35 4 4 4 35 4 4 4 42 4 4 4 37 4 4 4 25 3 35 4 4 4 4 4 42
4 3 42 37 4 4 4 37 4 4 4 45 4 3 35 4 8 /6 /7 9 m /35 /4 4 35 5 5 4 /4 /42 7 4 45 35 4 4 4 45 5 25 3 4 4 4 4 4 25 2 3 3 3 4 5 
45 4 4 42 45 5 4 45 42 4 4 4 45 45 4 35 4 45 4 4 35 4 4 /9 /7 9 m /4 /42 4 4 4 4 4 4 35 35 4 4 4 4 4 4 4 4 4 4 5 4 6 45
4 45 6 4 45 5 5 5 5 47 45 5 5 5 5 47 45 5 45 5 /37 /42 4 4 5 6 /5 75 m 3 45 4 5 3 3 3 35 4 3 4 35 4 4 45 4 4 35 4 37 4 42 45 4 45 42
3 3 35 4 3 4 4 4 4 4 4 35 35 4 4 4 4 3 4 35 4 4 6 4 4 3 /5 8 m /2 /3 4 2 4 4 4 35 35 3 4 4 3 3 4 3 2 4 35 4 4 4 4 25 25 3 3 4 4 3 37 35 4 3 37 27 35 5 45 4 4 4 4 6 8
 25 3 3 4 4 3 37 35 4 3 37 27 35 5 45 4 4 4 4 6 8 /6 /45 m 3 4 35 3 4 4 3 3 2 25 3 4 4 4 27 3 4 57 6 3 3 3 4 4 5 35 4 4 /8 /6 8   
4 4 3 3 2 25 3 4 4 4 27 3 4 57 6 3 3 3 4 4 5 35 4 4 /8 /6 8 m 3 4 3 3 3 6 4 4 3 3 57 4 4 25 35 4 35 35 4 3 4 32 
35 4 4 4 4 4 4 5 4 4 35 4 4 4 45 3 4 35 4 35 4 35 4 4 6 4 4 57 8 /6 /9 6 m 4 4 42 4 4 4 4 37 45 4 4 42 4 4 4 4 4 4 4 3 3 4 4 35 4 4 4 4 6 3 5 5 45 4 5 5 45 4 4 45 4 4 5 45
4 4 6 4 4 45 4 4 5 5 6 5 45 45 65 6 5 65 5 5 4 37 42 4 35 4 /6 /6 85 4 m 4 35 4 4 45 4 4 4 5 6 5 4 4 4 35 4 4 4 5 5 4 3 4 4 4 4 6 
45 5 45 4 45 4 45 5 45 5 6 4 45 5 5 45 45 45 4 6 5 5 42 4 37 42 45 4 4 6 45 4 4 42 4 57 /52 /7 9 m 45 4 4 5 4 6 4 45 4 6 4 4 5 5 5 4 4 4 5 4 4  4 42 4 37 4 42 5 5 4 4 35 4 4 35 4 4 4 4 4 3 4 4 4 4 4 4 5 
3 4 45 4 4 6 4 4 3 3 3 3 4 4 4 4 4 4 42 4 4 45 25 3 4 4 3 4 35 3 3 65 m 4 4 3 4 3 6 3 3 4 3 4 4 3 3 3 4 3 45 4 4 4 