2.7 c1 8.8 n /5 /5 45 5 55 35 4 5 4 4 4 5 5 55 4 5 5 5 5 5 4 5 5 5 5 55 5 45 3 5 5 5 45 45 45 45 5 4 5 4 5 45 5 55 52 45 4 4 55 55 5 55 35 5 5 45 5 45 55 
2.7 c2 8.8 /5 /5 55 /55 55 5 52 /45 5 /5 55 5 5 /4 5 /55 5 5 5 /4 5 /55 5 55 6 /65 6 /4 45 4 45 /4 45 5 6 4 5 5 5 5 5 0 45 52 5 5 5 55 5 5 6 4 0 1 6 4 45 3 5 55 45 45 5 1 45 55 4 2 7 6 5 5 5 
2.7 c3 9.0 /5 /5 5 35 45 55 4 5 5 65 5 5 55 5 5 5 5 35 5 35 55 3 45 5 4 4 5 5 switch t10.5 /3 4 7 65 75 65 4 5 4 5 45 5 5 55 5 5 5 5 5 5 45 4 52 4 4 45 55 52
2.8 c4 10.5 /5 /5 5 52 4 55 52 5 55 5 6 55 5 5 55 4 55 4 5 5 5 45 5 5 5 5 5 5 5 45 5 35 45 4 5 45 45 5 5 45 45 45 4 4 5 4 45
2.8 c5 10.5 /5 /5 45 5 45 4 3 45 4 4 5 6 65 55 6 55 5 6 55 6 m 4 35 5 45 55 55 55 5 4 55 6 4 5 5 4 35 5 5 5 5 4 4 5 45 5 45 5 45 5 52 5 5 5 45 5 5 4 4 5 5 4 3 5 45 1 5 45 5 4 55 6 5 5 5 5 5 4 4 4 5 55 4 5 
2.8 c6 10.5 /4 /5 5 45 5 5 4 5 45 4 5 5 5 55 5 55 5 4 5 5 6 5 4 55 4 45 5 4 5 45 5 5 5 55 5 45 4 5 4 5 5 5 45 45 5 45 4 5 5 55 4 5 55 5 4 5 55 5 5 4 4 5 5 5 5 5 5 5 5 5 3 45 5 4 45 5 5 5 5
2.8 c7 11.0 /5 /5 5 55 6 4 5 4 3 3 4 55 4 5 5 55 45 5 5 5 5 4 6 5 5 5 5 3 4 45 4 4 55 5 5 55 5 5 45 5 52 4 5 5 5 5 5 5 55  6 5 55 4 5 45 4 52 4 55 4 4 5 5 4 5 5 5 5 5 5 5 55 5 6 45 5 5 5 5 55 
2.10 c8 11.0 /5 /5 4 45 45 5 6 55 4 5 5 5 52 55 5 3 55 5 5 5 5 55 45 15 35 4 4 4 4 5 5 55 3 5 5 5 5 5 55 45 5 5 55 45 4 5 55 4 3 35 4 45 55 5 52 5 5 45 5 5 5 55 6 55 5 55 5 5 5 35 45 4 4 45 45 35 3 5 6 5 4 
2.10 c9 11.0 /4 /5 55 5 5 4 5 4 55 5 5 4 5 4 5 35 4 0 2 4 5 55 5 45 55 65 5 45 5 5 4 55 5 45 6 55 5 55 5 5 5 52 5 55 5 5 45 55 55 5 5 6 5 5 5 55 5 5 5 55 5 5 5 5 52 55 52 55 5 5 55 5 45 5 6 6 5 5 5 
2.10 c10 10.9 /5 /5 6 5 5 55 5 52 5 55 45 5 55 55 5 55 6 5 6 5 55 5 5 55 55 52 5 52 5 5 5 6 65 45 5 52 6 5 52 5 5 55 55 55 55 5 5 5 5 4 45 5 5 5 5 5 6 5 55 5 5 55 6 5 52 6 5 6 5 5 6 55 55 65 52 65 5 5 52 4 5 4
2.10 c11 10.9 /5 /4 52 5 45 5 6 52 t11.5 4 4 6 5 5 55 5 5 55 4 52 6 55 5 45 5 5 65 55 52 6 55 52 45 5 5 5 5 6 55 switch t10.8 /55 /5 6 5 45 4 5 5 4 5 5 3 5 4 4 35 4 5 5 6 4 5 45 55 5 4 5 5 55 55 55 4 5 55 45 6 55 3 5 5 5
2.11 c12 10.8 /5 /5 5 55 5 5 5 6 5 5 25 55 5 5 5 5 5 4 5 55 4 5 4 5 4 55 4 5 55 5 5 5 5 55 55 45 55 4 45 3 4 5 5 5 4 5 55 5 5 55 3 5 5 5 5 45 52 5 55 5 4 5 5 5 55 5 5 5 5 45 45 5 5 
2.11 c13 10.8 /4 /5 4 4 4 55 0 5 4 5 5 6 5 5 55 4 5 5 4 3 45 5 5 5 45 5 4 5 55 5 5 55 4 4 5 45 55 4 5 5 5 4 5 45 55 45 45 5 5 5 45 5 5 5 4 5 55 3 5 6 5 45 5 5 5 55 5 52 5 55 6 45 55 5 5 5 4 4 5 55
2.11 c14 10.6 /5 /55 5 55 5 6 55 5 5 55 5 55 5 55 55 55 5 52 5 6 5 5 5 4 55 6 5 5 55 52 52 55 55 5 55 6 5 6 t11.0 45 6 5 52 45 52 0 4 5 55 5 5 4 45 4 35 5 4 4 5 3 5 5 55 45 5  5 5 55 45 5 5 5 3 5 4 5 45 5 45 42 4 5 35 45 4 45 2 45 45 4 4
2.12 c15 11.0 /4 /5 4 4 5 55 5 5 5 5 45 35 5 55 5 4 4 35 4 5 4 4 5 55 5 5 55 4 45 5 52 45 6 35 45 5 3 6 2 55 5 4 5 4 5 55 4 2 4 45 45 5 5 3 3 4 45 6 4 4 5 5 55 t10.6 4 55 55 52 5 2 4 5 35 55 5 45 55 5 55 5 5 52 5 
2.12 c16 10.6 /55 /5 55 5 5 5 5 6 5 45 45 5 5 45 45 5 5 45 55 5 5 55 5 5 5 5 5 55 55 5 5 5 55 55 5 6 55 5 5 5 55 4 5 55 5 6 55 5 55 55 5 5 45 5 45 5 5 5 5 45 55 5 5 5 5 4 55 5 5 5 5 52 5 5 52 5 5 4 5 5 5 5 5 5 4 5 5
2.12 c17 10.6 /5 /5 5 55 5 6 5 55 t11.0 55 55 5 55 5 5 25 5 5 45 55 45 55 54 3 55 55 55 3 55 45 5 5 5 m 2 5 5 4 55 35 45 4 5 4 4 4 5 15 5 6 4 15 55 t10.1 55 5 4 55 4 65 6 65 65 55 6 55 t10.7 55 5 6 55 4 5 45 25 4 5 4 0 25 4 5 45 45 3 2 55 65 55 45 4 2 35 4 t10.3 55 5 6 55   
2.20 c30 8.3 n 5 4 4 5 45 5 45 5 3 4 3 6 55 5 5 4 6 4 55 6 4 55 6 4 55 45 4 5 45 5 6 45 6 6 5 45 5 45 4 45 5 6 45 6 6 5 45 5 45 4 45 5 45 35 5 55 5 4 45 35 5 5 4 3 4 4 3 45 45 4 5 4 4 5 
2.21 c31 8.5 /5 /5 5  3 4  3 55 4 4 5 6 4 4 5 3 4 4 45 3 5 4 3 3 3 35 45 4 65 4 4 35 4 5 45 35 45 4 4 5 45 5 5 3 3 3 4 5 4 5 45 5 3 4 3 3 5 3 5 5 4 65 2 5 3 4 5 3 25 3 5 4 5 6 5 5 55 45 5 
2.21 c32 9.0 /5 /5 5  45 5  4 4 55  4 5 5 5 6 5 4 5 3 5 5 35 5 5 5 25 4 45 5 6 5 25 5 5 5 3 4 5 4 4 5 55 5 4 5 5 4 5 5 35 55 6 4 4 5 5 45 4 3 5 4 4 5 5 4 45 5 35 55 4 3 4 5 5 3 3 4 4 4 4 5
2.21 c33 8.5 /5 /5 35  3 4 45 55 35 4 4 3 35 5 52 5 5 5 6 4 45 3 5 7 6 5 25 4 4 4 4 35 45 4 4 25 25 25 25 35 3 25 4 4 4 5 4 2 3 3 2 5 35 35 45 5 45 3 5 65 5 4 55 5 3 25 5 55 4 4 2 5 4 5 6 35 2 3 2 5 2 3
2.21 c34 9.0 /5 /5 35  4 4  425 4 4 45 25 4 2 35 5 25 45 2 4 3 3 4 5 4 45 55 4 45 4 4 25 4  4 35 4 35 4 25 35 4 45 3 4 2 3 4 45 55 5 45 3 3 25 4 4 5 4 4 45 45 3 35 4 6 4 3 3 5 4 4 35 2 3 3 3 25 4 3 45 4 4 35
2.22 c35 9.0 /5 /5 45  5 5 4 55 6 5 4 35 5 35 4 4 45 5 4 4 55 3 6 5 5 5 5 5 4 5 5 4 5 45 25 6 5 5 4 5 4 25 4 4 35 4 45 3 3 3 3 45 45 5 45 6 5 52 4 45 5 65 5 5 6 5 55 5 55 4 4 4 6 55 5 5 5 5
3.6 c1 9.0 /5 /5 5  3 52 55 6 4 7 4 55 3 3 4 6 4 3 4 55 5 4 5 45 4 5 45 55 5 5 4 5 65 3 4 4 5 4 5 4 5 5 5 45 5 55 55 4 3 5 3 3 4 3 4 4 4 4 25 3 5 45 3 5 5 5 4 55 4 3 5
3.6 c2 9.3 /5 /5 45  3 4 3 45 4 4 4 3 4 45 45 4 5 3 5 5 5 4 5 45 5 4 4 4 5 5 5 35 5 5 4 25 4 4 5 4 2 5 4 35 4 5 4 35 4 4 4 4 4 35 5 4 5 25 3 2 4 45 45 
3.6 c3 9.3 /5 /5 5 5 5 25 3 45 4 4 4 4 45 3 4 3 4 5 5 5 4 5 4 5 5 6 4 5 6 5 5 5 5 5 4 5 3 55 5 5 5 5 45 4 5 5 5 5 5 45 5 45 5 55 5 4 5 6 5 4 6 55 4 4 5 35 55 5 6 5
3.6 c4 9.2 /5 /5 4 5 6 5 55 4 5 45 25 5 4 4 6 5 5 45 3 5 5 5 5 5 45 4 4 4 5 5 6 5 4 5 3 5 6 5 
3.7 c5 9.6 /5 /5 5 5 4 2 4 25 3 35 2 3 4 6 25 4 45 4 5 55 5 5 4 4 35 5 35 3 25 5 5 35 5 4 45 4 55 5 35 4 4 4 25 5 4 5 5 5 45 35 5 5 45 55 5
3.7 c6 9.6 /5 /5 3 5 5 5 5 45 4 35 45 4 5 45 45 5 4 4 5 5 4 5 5 5 0 4 5 7 5 5 25 5 55 6 4 55 45 5 5 4 45 5 45 52 3 4 4 4 4 5 45
3.7 c7 9.6 /5 /5 5 5 5 4 5 5 5 35 4 45 55 25 6 65 4 5 5 3 5 4 55 5 6 4 3 45 5 5 5 6 4 25 5 5 6 5 3 5 4 5 5 5 5 4 3 4 45 5 4 5 6 55 4 4 55 6 4 5
3.8 c8 9.6 /5 /5 4 55 5 4 4 25 25 6 55 45 6 65 7 35 6 m 5  5 5 t8.0 15 45 3 25 1 25 t7.6  2 5 4 25 3 3 t7.4 3 4 3 4 3 3 5 5 5 45 5 6 3 5 5 45 65 5 5 6 45 3 45 4 52 5 4 45 5 45 4 5 4 2 5 45 5 4
3.8 c9 7.3 /5 /5 45 4 4 5 5 5 5 5 5 5 4 7 l 4 2 45 3 5 25 45 3 3 35 4 3 2 5 4 4 25 35 5 2 4 5 3 5 2 6 6 35 45 6 35 4 5 4 4 5 55 35 4 4 5 55 6 45 55 5 3 4 45 4 4 
3.8 c10 7.5 /5 /5 5 5 4 5 35 75 6 4 5 5 45 5 4 25 5 55 25 5 4 4 5 55 4 52 4 3 45 3 2 45 4 4 5 5 3 52 2 35 2 2 5 3 5 4 4 45 4 45 4 2 4 5 35 5 4 45
3.8 c11 7.6 /5 /5 35 5 4 55 4 25 4 4 25 4 5 5 5 3 35 45 5 35 35 4 3 45 4 5 /4 /5 5 5 4 4 4 5  /4 /45 5 25 4 5 4 45 5   5 4 5 4 45 3 3 45 25 5 3 45 3 4 45 4 25 4 4 4 4 5 4 4 3 4 55 4 5 45 25 5 
3.10 c12 7.6 /6 /5 6 5 45 5 4 4 5 5 3 4 55 5 5 3 5 3 5 45 5 45 4 5 4 5 45 4 45 5 55 35 t8.0 99 l 25 /25 /3 3 3 3 0 6 4 4 5 5 25 5 5 5 1 35 3 75 3 65 3 45 4 5 3 1 25 55 5 4 3 25 2 3 3 35 2 35
3.10 c13 8.0 /35 /5 35 3 4 5 35 4 35 4 25 55 3 25 4 5 5 4 25 3 5 35 3 55 5 25 /5 /45 5 45 1 3 45 45 4 3 5 25 5 2 4 55 45 5 35 5 45 25 3 25 2 25 25 3 5 5 25 5 4 45 4 75 l 95 45 5 5 6 25 4 5
3.11 c14 7.6 n 55 6 52 55 65 6 /5 /55 7 5 6 65 65 7 t8.0 65 65 75 55 7 4 t9.5 65 5 45 4 5 45 5 6 6 65 6 52 6 6 65 6 52 5 5 5 7 6 5 6 55 55 75 5 65 /7 /6 6 4 5 5 4 7  5 65 65 6 7 5 t10.2 6 6 5 75 75 6 65 75 3 55 6 55 6 5 5 5 5 
3.11 c15 10.2 /4 /5 35 35 35 3 45 4 55 6 6 5 5 5 t9.8 3 4 3 6 5 5 45 5 4 45 5 35 55 55 5 6 5 45 5 6 5 4 35 6 5 6 5 65 55 52 5 5 5 5 55 35 5 45 /3 /55 5 5 5 5 35 6 45 6 55 6 6 5 55 45 
3.11 c16 10.0 6 65 6 45 5 6 /45 /35 5 45 65 6 55 5 55 6 5 45 45 6 5 52 6 55 65 35 5 4 5 6 25 55 6 6 5 5 65 4 4 5 6 6 6 55 6 6 55 5 4 6 65 45 6 6 6 5 6 4 6 6 45 65 62 4 65 4 5
3.12 c17 10.3 /6 /6 6 3 4 6 6 5 5 45 6 3 55 55 4 6 5 5 45 5 5 52 3 6 5 55 45 5 5 5 6 6 55 5 65 5 45 52 /52 /5 5 6 5 52 6 2 4 55 5 5 4 5 5 6 65 45 65 5 65 6 6 6 52 7 55 5 45 5 4 5 6 5
3.12 c18 10.3 /6 /62 4 55 6 65 5 4 t10.8 6 6 6 6 5 5 4 6 4 65 4 55 5 52 6 6 6 6 6 6 6 6 5 75 6 55 52 6 7 6 65 6 65 55 7 6 /6 /45 65 4 6 55 55 5 6 55 6 5 45 6 62 6 6 62 35 6 6 55 52 5 5 6 5 55 5 6 55 6 t11.0 4 62 55 5 6 55 5 55 5 55 55 6 5 5 5 5 5 45 5 4 62 55 5 6 55 5 55 5 55 55 6 55 5 5 5 45 5 
3.13 c19 9.8 n /5 /45 5 5 5 5 45 5 6 52 6 5 5 35 7 l 6 6 62 5 5 6 6 7 l 5 6 5  4 62 8 65 5 55 4 65 5 6 8 4 5 55 5 4 5 5 52 52 5 5 5 5 45 5 45 35 5 55 6 55 65 6 6 5
3.13 c20 10.5 /6 /55 55 5 l 7 5 5 52 5 55 5 7 l 7 5 5 35 5 5 4 5 8 5 4 3 35 5 5 35 45 l 4 5 35 4 45 35 5 45 5 5 l 4 45 4 5 4 5 5 45 3 5 45 5 /45 /4 5 5 4 5 4 45 4 5 4 3 4 45 4 5 4 5 3
3.13 c21 10.3 /45 /3 45 4 4 4 3 4 5 5 45 45 5 45 4 52 4 5 5 5 52 45 5 45 5 45 55 5 45 5 5 5 55 6 5 45 5 5 5 45 4 /5 /45 5 55 52 5 5 5 4 5 5 45 4 5 l 5 5 5 5 6 
3.14 c22 10.4 /5 /6 6 5 45 5 45 35 5 55 55 4 5 5 5 4 4 5 55 4 5 3 5 5 5 4 5 5 5 4 4 5 45 5 4 3 4 45 5 45 4 35 4 5 55 55 4 55 5 52 4 5 5 35 4 5 45
3.14 c23 10.4 /45 /6 45 5 35 5 5 5 5 55 5 35 5 45 5 5 5 35 45 4 4 5 45 3 5 4 5 5 45 5 4 45 5 45 5 3 4 5 /4 /4 6 45 4 45 4 3 52 5 5 45 5 35 4 45 4 5 45 5 5 55 4 5 5 5 5 4 45 5 4
3.14 c24 10.3 /45 /45 45 45 4 6 5 35 4 5 5 5 5 4 5 45 5 45 55 5 55 5 25 55 5 3 4 45 5 3 5 35 5 5 4 5 5 45 /5 /4 52 5 3 55 4 4 5 3 5 5 3 45 45 5 5 5 5 5 5 5 45 5 5 55 4 
3.15 c25 10.3 /4 /5 6 5 4 5 52 45 5 55 45 5 4 55 45 55 4 4 45 5 3 55 4 55 5 5 6 4 5 5 5 5 55 6 5 5 5 5 /55 /52 5 55 6 45 6 5 5 5 5 55 6 45 5 35 45 5 35 5 
3.15 c26 10.3 /6 /5 6 5 5 55 55 45 5 5 35 5 55 5 45 6 45 4 6 6 52 5 45 4 4 4 t10.2 5 4 54 3 4 25 5 25 4 3 6 4 3 2 45 5 6 5 /5 /55 4 5 55 3 5 3 5 45 5 45 5 5 52 4 45 45 3 3 5 4 55
3.15 c27 10.0 2 6 5 5 5 5 5 52 5 35 6 5 5 5 55 5 4 4 5 5 4 5 5 5 4 5 5 4 5 45 5 55 5 5 55 5 55 5 55 5 55 5 /5 /5 5 5 5 45 6 5 5 52 6
3.15 c28 10.0 /5 /5 5 5 5 6 52 5 6 45 5 55 5 4 5 65 l 6 4 4 5 7 5 5 3 45 6 5 25 /5 /5 52 5 55 6 6 45 t10.0 5 52 5 55 5 55 5 5 5 4 3 5 5 52 6 6 55 45 4 5 45 5 5 5 5 5 52 3 55 5 5 
3.17 c29 10.0 /4 /5 35 5 4 5 5 5 3 4 4 5 4 45 55 5 4 5 4 5 4 45 5 5 52 5 5 6 55 5 5 35 52 5 45 5 4 5 /5 /4 45 5 45 4 t9.9 5 4 4 45 5 5 4 35 5 5 5 45 55 3 4 5 55 4 5 5
3.18 c30 9.9 /5 /55 5 4 5 5 4 35 4 5 4 45 5 6 5 5 5 45 6 65 5 52 5 55 4 55 45 5 6 55 /45 /5 5 4 52 5 5 6 5 5 5 55 5 4 5 5 55 5 45 5 55 45
3.18 c31 10.0 /5 /55 5 5 45 5 5 52 45 5 4 5 4 6 5 52 5 5 35 3 52 6 5 5 5 5 5 4 5 35 35 5 52 45 /4 /5 4 5 35 5 4 5 3 45 5 35 5 45 45 5 5 45 4 
3.18 c32 9.9 /5 /5 5 5 4 25 5 45 5 45 4 5 4 5 45 45 55 5 4 5 4 5 5 35 35 4 25 45 5 35 55 5 52 3 5 45 5 4 /5 /35 5 5 4 5 5
3.18 c33 10.0 /4 /5 6 l 4 4 45 5 5 3 5 4 4 4 5 5 45 52 5 45 5 4 45 4 5 45 4 /5 /5 5 5 45 5 t10.0 55 5 4 35 45 5 4 35 5 55 55 5 35 5 /5 /5 5 5 5 25 45 3 5 4 5 55 6 7 m 5 5 35 5 5 45 52 45 5 6 52 5 5 5 52 45  
3.19 c34 10.3 n 65 5 4 5 55 55 45 5 55 52 6 5 6 6 5 52 6 5 6 6 6 45 5 m
3.19 c35 10.7 4 45 5 45 35 3 35 4 4 25 52 5 6 55 switch t8.0 45 4 3 3 5 45 5 5 5 6 4 l 45 5 52 6 55 6 52 45 /5 /45 5 45 6 5 52 5 52 6 55 6 4 5 35 35 5 5 52
3.19 c36 8.0 /4 /57 5 5 4 5 4 4 35 3 55 5 l 45 5 5 55 5 5 5 5 35 55 55 6 4 52 6 5 switch t8.0 /4 /5 4 25 45 45 5 5 5 55 4 55 5 5 52 45 5 5 5 45 35 6
3.20 c37 8.0 /55 /5 45 5 52 6 5 5 5 52 55 5 35 6 45 5 5 6 6 t8.5 5 5 52 5 55 55 5 35 5 5 5 4 5 5 55 5 6 6 55 52 55 5 /5 /35 6 55 5 5 5 4 5 6 4 5 45 35 45 
3.21 c38 8.4 /3 /5 35 5 6 45 5 6 5 5 55 5 6 6 55 5 55 52 5 5 55 5 45 5 5 l 5 5 55 7 m 6 6 6 52 6 55 6 5 52 45 35 5 45 
3.21 c39 8.5 n /4 45 35 5 45 45 45 4 55 52 5 52 55 6 6 5 6 /5 /6 5 6 45 55 7 6 45 6 5 52 65 55 6 4 5 55 6 65 45 6 l 45 52 45 5 6 5 4 6 5 6 4 6 52 6 5 5 /55 /6 65 6 55 6 l 6 5 5 65 5 35 55 45 45 6 6
3.22 c40 8.5 /6 /45 45 55 45 55 6 45 6 5 4 5 6 7 m 6 65 55 45 5 6 switch t8.6 4 /4 /45 45 55 5  35 45 5 45 4 5 45 4 3 5 4 5 4 5 55 45
3.24 c41 8.5 /5 /45 5 45 55 55 52 5 5 5 45 45 45 5 5 5 4 55 4 55 45 55 4 4 5 4 35 5 5 5 /4 /35 45 5 5 5 4 35 45 35 5 4 5 52 4 
3.24 c42 8.5 /4 /5 4 5 35 5 45 5 55 5 5 5 5 5 4 5 5 4 5 6 55 5 4 5 4 4  switch t10.2 /5 /5 5  45 35 5 2 55 52 45 4 4 4 4 35 4 4 45 45
3.26 c43 10.2 /4 /3 4 45 4 35 3 35 5 5 3 35 4 35 45 35 3 4 3 6 3 0 4 /4 /45 4 45 35 3 4 4 3 45 52 25 0 4 5 4 35 35 3 4 4 52 3 4 3 4 
3.26 c44 9.9 /5 /35 5 4 4 5 35 5 3 5 45 5 4 4 45 4 45 4 4 5 45 4 35 5 5 5 4 3 5 35 /4 /4 5 45 2 35 5 25 5 5 4 4 3 45
3.26 c45 9.9 /5 /35 25 35 45 5 5 5 5 5 5 4 4 52 6 55 55 52 5 4 5 55 /5 /45 4 45 4 5 45 5 5 5 52 55 55 52 5 52 5
3.27 c46 9.8 /5 /55 5 55 6 45 55 52 5 4 5 5 52 55 45 6 55 55 4 5 65 6 /6 /55 5 6 5 55 switch t8.5 6 55 55 6 6 55 6 35 55 6 65 l 52 55 3 4 5
3.29 c47 8.5 /5 /6 52 6 5 45 6 5 6 55 5 5 5 l 5 6 65 52 6 65 62 5 6 55 52 5 45 55 52 55 65 5 55 55 55 5 5 5 65 5 55 65 6 55 6 52 65 45 55
3.30 c48 8.2 /6 /5 65 6 6 4 65 52 7 4 5 52 6 6 5 6 65 45 3 6 6 6 45 6 62 6 45 6 62 6 /6 /6 6 6 65 6 7 m 5 6 5 t9.9 55 4 45 5 5 65 5 6 45 
3.30 c49 9.9 /6 /6 6 6 5 6 65 6 6 5 5 55 62 4 5 5 55 55 52 6 65 4 switch t11.7 /4 /35 5 6 5 52 5 4 4 25 55 45 4 35 4 5 5 62 5 4 45 6 5 5 55 5 5 55
3.30 c50 11.7 /5 /45 5 4 35 65 45 5 45 6 5 55 5 55 55 6 5 55 6 5 55 4 6 52 45 52 6 5 52 5 5 5 62 4 /55 /5 6 6 6 52 6 6 55 l 52 55 6 5
3.30 c51 11.7 /6 /5 6 5 6 6 5 65 55 4 52 5 25 5 4 52 5 45 5 5 5 5 5 45 6 55 /5 /52 5 5 5 45 5 45 65 4 52 6 45 45 5 45 5
3.31 c52 11.7 /5 /52 5 55 5 65 52 6 6 4 35 5 5 45 5 52 55 65 52 6 6 5 55 55 6 5 6 45 55 55 /55 /5 5 5 6 55 55 6 5 45 6 6
4.1 c1 10.4 /6 /6 6 6 45 65 65 5 5 6 7 m 65 5 55 6 4 62 6 5 5 55 52 55 65 45 4 5 52 5 5 65 5 5 55 6 52 55 6 6 6 45 7
4.1 c2 10.4 /5 /5 45 5 55 6 5 6 6 5 55 6 65 52 6 5 6 52 6 55 62 65 45 65 7 7 /6 /65 45 55 6 55 6 45 55 65 7 m 6 55 55 45 45
4.1 c3 10.4 /65 /6 62 5 6 7 65 6 6 65 5 65 65 65 65 5 7 7 
4.2 c4 10.4 /6 55 5 6 5 65 7 7 65 65 55 7 65 65 65 65 65 6 65 55 65 6 65 7 6 55 65 /65 4 7 65 65 65 6 6 7 6 6 75 65 7 /65 65 55 7 65 55 55 55 switch t9.6
4.3 c5 9.6 /65 6 5 4 5 /55 35 5 55 55 6 6 6 6 6 55 6 55 /5 /5 5 55 55 6 5 6 5 55 4 45 55 6 5 54 6 5 5 55 45 5 53 6
4.3 c6 9.5 /55 55 5 5 45 55 55 55 55 6 65 5 55 6 6 65 55 57 55 6 6 6 55 5 5 /55 55 6 5 45 55 5 6 55 55 55 6 5 6 55 45 6 6 57 55 55 55 57 55
4.3 c7 9.9 /5 /55 55 6 55 6 57 55 55 6 55 55 5 55 57 57 55 55 6 5 6 6 6 5 5 6 5 5 6 57 58 7 65 m 5 5 45
4.4 c8 9.9 4 4 5 5 5 5 5 45 45 55 53 55 45 35 4 4 /45 /6 45 45 4 55 4 48 4 45 4 4 45 4 45 45 5 5 5 5 35 55 5 4 55 5 45 4
4.4 c9 9.6 5 45 55 5 5 5 55 5 5 55 5 4 5 5 5 45 57 5 45 6 55 45 55 45 45 /5 /6 45 45 4 5 5 5 55 55 45 45 55 42 47 45 45 45
4.4 c10 9.6 55 45 55 4 4 4 5 5 45 6 45 55 5 5 5 5 6 35 55 65 55 35 45 55 5 55 55 6 55 45 55 5 4 55 4 48 55 55
4.6 c11 9.8 5 5 5 45 5 45 5 48 57 5 4 55 57 5 5 5 4 55 53 5 45 5 5 55 5 5 4 4 45 52 65 55 45 55 45 55 5 45 57 5 5
4.6 c12 9.8 5 45 53 4 5 5 5 45 5 47 58 58 65 65 45 6 65 55 55 55 55 55 45 55 45 /4 /45 4 45 5 5 57 57 5 5 5 5 55 55 m 55 55 5
4.6 c13 9.8 55 5 45 55 55 6 48 5 5 6 58 55 4 4 6 57 6 5 7 6 55 5 6 55 45 55 65 6 55 5 6 5 55 6 5 55 45 6 55 switch t10.5
4.6 c14 10.5 55 7 5 50 55 55 40 5 6 48 5 56 55 5 55 55 5 55 65 6 55 55 55 45 52 45 55 55 52 5 6 5 5 5 55 55 65 55 55 58
4.7 c15 10.6 58 47 55 50 50 55 55 5 5 5 6 56 4 6 5 6 5 6 6 5 56 58 55 5 55 6 55 55 55 52 5 55 6 53 52 5 55 43
4.7 c16 10.6 60 45 55 57 55 55 45 6 6 55 55 56 5 56 53 6 55 57 4 6 52 6 6 55 5 55 5 62 58 57 55 55 65 55 5 55
4.7 c17 10.5 55 65 55 56 60 54 6 5 65 65 55 5 55 6 55 57 6 6 6 65 55 55 55 45 57 6 55 63 6 7 m 5 5 55 58 6 6
4.8 c18 7.6 n 55 55 45 5 5 5 l 55 55 53 55 55 55 55 5 57 55 45 55 55 5 55 55 55 6 65 5 6 6 55 6 6 55 55 45 45 65 55 6 56 7 6 5 57 6 55 6 55 55 65
4.8 c19 9.0 6 45 6 55 55 55 48 65 55 6 6 6 55 5 65 6 6 l m 5 6 6 6 65 55 55 6 7 45 5 55 65 6 5 65 6 45 55 6 55 6 6
4.9 c20 9.4 55 55 55 57 55 55 6 5 5 6 55 5 5 55 55 5 5 5 6 55 6 55 6 55 5 52 6 62 55 l m 4 55 5 6 65 
4.9 c21 9.4 65 55 65 55 5 6 65 6 55 5 6 6 6 75 75 6 m 48 45 5 5 5 4 65 5 5 45 5 5 65 55 55 45 45 45 57 5 5 4 45 6
4.9 c22 9.8 45 5 5 5 6 55 6 55 55 45 5 55 65 55 55 4 55 55 55 45 5 55 55 6 6 5 6 57 5 55 55 5 45 55 45 
4.9 c23 9.8 55 55 55 45 55 55 50 55 65 6 55 55 6 4 55 6 65 55 55 5 4 5 55 5 5 55 45 55 6 6 55 5 55 4 45 55 5 55 55
4.10 c24 10.1 5 5 5 55 6 6 65 65 55 5 45 6 55 6 6 55 5 6 45 6 65 55 55 45 5 45 6 5 5 55 5 45 5 56 5 5
4.10 c25 10.0 6 6 45 45 5 5 45 55 6 5 6 5 6 55 55 57 55 6 5 4 5 5 45 55 4 55 5 6 55 55 55 55 6 56 55 55 5 5 5 45
4.10 c26 10.0 48 4 5 4 5 5 5 55 5 5 55 6 45 5 5 55 55 55 5 6 6 55 5 5 45 4 55 6 6 45 5 5 5 55 6 5 4 l 5 5 6 52 55
4.10 c27 9.6 6 55 6 63 65 5 6 5 55 55 55 6 5 5 4 6 4 5 65 45 55 5 5 45 55 6 6 6 65 55 55 /5 /55 55 55 55 55 6 6 55 55 4 5 5 6 53 
4.11 c28 9.8 4 5 4 65 55 55 45 6 6 4 55 5 5 5 6 5 65 l 5 45 55 45 55 55 45 5 45 55 5 5 55 5 5 5 65 4 55 5 55 65
4.11 c29 9.6 5 45 4 5 55 55 5 5 45 49 65 45 7 5 5 45 55 55 55 45 5 55 45 4 45 45 55 5 55 5 4 55 55 5 5 55 45 45
4.11 c30 9.6 45 45 45 45 45 5 65 65 8 75 l m 5 45 4 45 3 45 45 55 45 55 45 5 45 5 6 35 65 55 4 45 55 6 4 6 4 5
4.12 c31 10.0 3 5 55 55 4 55 5 55 55 4 6 5 65 3 3 45 45 5 5 6 5 5 5 6 5 65 55 55 45 55 55 6 55 56 55 45 65 45 55 45 55 45 
4.12 c32 9.4 6 4 35 45 55 5 45 45 5 5 35 5 5 65 45 55 5 5 5 55 55 5 5 55 55 5 5 5 5 5 5 5 5 75
4.12 c33 10.3 /4 /5 5 5 55 3 5 5 5 55 45 45 4 5 5 5 5 55 55 5 5 5 55 55 45 45 55 5 5 5 55 6 55 55 4 55 55 5 5 5 55 55 55 5 55 55
4.13 c34 10.3 55 55 55 6 3 3 4 3 5 5 3 45 45 3 4 48 5 4 5 5 45 45 5 5 5 5 4 45 45 5 45 55 45 4 45
4.14 c38 9.3 n 7 55 6 7 m 55 55 6 5 7 55 7 5 6 6 5 6 7 4 6 6 4 7 55 7 5 55 5 6 7 6 7 55 57 5 55 50 55 6 7 55 57 4 7 6 6 5 55 6 5 5 55 45 5 52
4.14 c39 9.9 65 45 65 55 65 60 50 50 65 50 40 50 45 50 45 50 50 50 70 50 45 50 5 5 5 5 5 5 45 5 5 4 55 5
4.14 c40 9.8 5 45 5 5 5 5 5 4 45 4 45 5 5 4 5 5 5 6 5 45 6 55 5 7 5 55 6 55 65 65 55 55 55 65 5
4.15 c41 9.8 5 45 65 5 5 5 65 7 4 5 5 5 3 4 5 65 5 5 5 45 55 5 65 4 5 4 5 5 5 45 4 45 4 55 4 5 6 45 switch t10.3
4.15 c42 10.3 55 5 4 55 4 35 45 55 5 60 5 55 6 5 5 5 45 55 55 4 55 5 5 4 6 5 5 5 
4.16 c43 10.1 5 5 7 3 65 4 3 5 55 5 5 5 3 55 5 6 6 55 5 55 6 6 45 5 6 55 5 5
4.16 c44 10.1 5 6 5 55 45 5 65 55 55 5 5 4 55 5 3 5 56 6 55 65 55 5 5 55 55 55 65 65 55 6 55 50 5 6 5 55 5 6 5 5 5 5 5 5 5
4.16 c45 10.1 56 5 6 5 5 55 55 5 5 55 55 5 45 6 5 4 55 45 7 55 56 56 6 6 6 5 55 5 55 5 5 57 6 5 55 65 5 5 45 7 4 5
4.16 c46 10.1 55 5 55 5 45 45 6 5 6 55 5 6 5 45 5 6 5 45 55 5 6 45 5 5 55 4 6 55 5 65 6 55 5 65 5 6 5 5 45
4.17 c47 10.1 5 5 52 53 65 45 5 45 7 6 65 5 5 5 55 65 7 65 55 5 5 5 55 5 65 6 5 6 5 15 55 56 65
4.17 c48 10.1 7 5 6 55 55 55 55 6 55 65 5 65 5 6 65 5 65 55 4 45 4 65 5 5 7 6 65 6 4 5 45 7 5 55 65 6
4.17 c49 10.2 5 45 6 6 55 7 45 6 4 56 5 55 55 45 5 55 6 5 5 6 55 4 45 6 5 5 35 4 45 55 5 4 5 55
4.17 c50 10.5 5 5 5 55 45 45 55 5 5 55 55 6 45 5 45 5 5 5 55 56 5 45 45 6 5 3 45 5 4 55 55 55 4 5 5 5
4.18 c51 10.3 65 5 7 6 6 5 3 55 5 6 65 6 5 6 6 5 65 4 5 55 45 55 4 6 6 45 5 65 4 5 65
4.18 c52 10.3 55 5 5 45 5 65 6 5 5 6 65 5 5 6 45 5 5 5 55 55 5 5 57 45 65 45 55 45 45 5 5 6
4.18 c53 10.1 5 55 45 65 65 4 5 6 65 5 5 6 55 5 65 6 6 6 6 45 5 57 5 5 65 5 5 6 5 55 6 55 5
4.18 c54 10.4 5 55 65 7 5 5 4 55 7 65 5 5 6 53 5 5 55 65 55 6 4 5 4 45 6 65 5 55 55 5 6 65 6 5 6 5 5 5 6 
4.19 c55 10.4 55 6 55 56 5 58 55 6 5 55 5 7 7 65 7 7 m 5 6 55 4 6 6 6 55 45 6 5 45 45 6 5 5 5 6 6 5 5
4.19 c56 10.4 35 5 5 6 35 55 6 55 3 45 3 45 55 4 45 5 55 5 45 55 6 4 5 45 7 l m 5 3 5 6 6 65 65 t10.7 4 4 4 3 3
4.19 c57 10.7 4 4 3 3 6 4 4 45 6 4 5 6 5 5 45 65 55 5 5 55 55 55 45 6 65 55 3 65 6 5 6 45 65 5 56 45 7 7 45
4.19 c58 10.4 4 45 35 6 6 55 6 5 4 6 5 55 65 6 7 55 65 55 t10.6 6 6 6 5 55 45 65 55 55 55 65 6 5 65 65 45 65 55 5
4.21 c59 10.6 55 6 5 6 65 55 6 5 6 6 7 65 6 6 7 6 5 65 5 55 5 65 55 4 7 65 5 5 5 65 l m 6 55 55 45 65 5 6 5 6
4.21 c60 10.4 4 7 5 5 45 6 55 5 5 55 65 5 5 6 55 55 65 l t10.9 5 48 45 3 3 4 4 55 4 5 65 5 45 65 5 5 
4.21 c61 10.9 5 6 5 5 55 5 55 55 3 3 45 6 55 55 5 5 55 45 55 5 3 5 65 55 3 5 45 56 55 55 55 45 7 7 
4.21 c62 10.9 5 55 55 65 6 45 35 60 7 55 55 6 5 5 6 5 6 5 4 45 3 6 5 55 5 35 5 65 5 6 5 6 65 5 6 5
4.22 c63 10.9 4 55 7 4 45 6 5 5 65 5 5 5 5 5 5 5 45 6 57 6 55 5 55 55 6 6 6 5 7 6 5 5 65 5 6 5 5 5 6
4.22 c64 10.9 65 6 65 5 45 55 55 5 65 5 6 5 6 55 3 55 6 65 6 6 57 5 6 65 5 6 6 6 45 5 6 5 45
4.22 c65 10.9 5 6 6 5 6 55 6 55 55 55 5 55 6 5 2 45 55 55 55 6 6 7 5 5 5 65 6 55 5 55 6 3 5 5 5 55
4.22 c66 10.9 6 6 55 6 65 55 55 58 6 5 55 5 55 55 6 5 55 5 55 5 65 7 55 55 5 55 7 4 5 6 55 55
4.23 c67 10.9 7 48 8 5 5 55 7 7 5 7 55 6 2 m 5 5 5 55 5 55 45 4 45 6 3 35 1 35 5 35 4 5 5 65 4 5 1 5 35 4 5 5 65 4 5 1 2 t9.4 4 4 75 5 65 3
4.23 c68 9.4 5 55 5 65 6 3 2 45 55 4 45 5 55 45 45 5 5 55 55 6 6 5 6 4 5 55 5 5 6 4 5 5 5 65 5 6 55 65 55 5
4.23 c69 9.4 5 5 4 6 6 65 55 3 45 5 4 5 45 48 5 4 5 5 65 5 4 7 5 6 65 7 6 5 6 45
4.23 c70 9.4 5 5 55 5 55 5 5 6 5 55 6 7 35 45 6 7 45 45 6 45 55 5 5 6 45 5 6 65 55 6 5 45
4.24 c71 9.3 6 4 5 7 5 5 65 4 5 4 7 5 5 65 45 6 5 6 55 45 6 55 5 55 5 6 5 5 7 5 5 5 5 45 5 5 6
4.24 c72 9.3 5 65 55 7 7 5 45 45 5 5 55 3 55 5 5 6 5 45 55 6 5 5 55 55 7 4 4 6 55 5 4 5 5 7 4
4.24 c73 9.3 6 6 4 5 65 45 5 6 5 45 45 4 4 65 63 55 65 75 5 5 6 7 65 65 5 5 6 5 5 7 4 65
4.24 c74 9.4 55 6 5 55 55 5 55 5 65 4 5 55 65 45 5 6 7 6 6 7 5 5 6 65 6 55 55 45 5 6 6 4 5 5 55 4
4.24 c75 9.4 5 5 5 55 55 5 6 5 55 56 5 5 5 5 55 55 5 65 65 55 55 6 5 6 5 5 5 6 5 55 5 5 5 55 55 65
4.25 c76 9.4 5 55 5 5 6 65 6 6 6 6 35 65 6 7 5 8 5 65 65 5 65 5 5 5 3 5 6 65 5 55 5 6 55 5 55
4.25 c77 9.3 6 55 6 4 5 55 5 5 3 5 6 6 5 55 5 55 5 5 6 55 5 7 6 55 65 6 6 45 6 5 5 5 6 55
4.25 c78 9.3 55 5 55 5 65 6 55 5 6 55 6 7 6 6 55 55 6 7 65 6 7 5 5 6 4 5 5 55 6 6 7 5 4
4.26 c79 9.4 5 5 5 55 5 6 6 7 6 6 6 6 75 3 55 5 6 7 5 8 t9.8 5 5 6 6 5 6 65 3 5 45 6 4 7 55 65 4 5 45
4.26 c80 9.8 55 55 45 6 5 65 6 65 5 4 5 5 6 55 35 55 3 5 5 3 5 3 6 5 5 5 5 35 6 6 4 65 55 55
4.26 c81 9.8 6 55 5 7 55 5 5 4 6 65 55 55 56 6 65 4 6 4 5 55 56 3 5 7 45 5 55 4 45 5 5 5
4.26 c82 9.8 5 6 65 65 6 6 5 55 45 5 5 4 35 55 4 45 35 5 5 3 65 7 4 6 6 6 55 4 35 5 55 5 4 5 5 65 5 6 5 45
4.26 c83 10.3 6 5 3 4 2 6 5 56 4 5 4 7 4 55 4 45 5 5 4 5 2 4 5 35 45 55 48 55 45 55 5 35 4 3 6 65 3 3 5 55 65 5 45 6 4 5
4.28 c84 10.3 6 6 55 5 3 4 5 3 5 5 4 35 35 5 6 2 5 05 5 6 7 6 6 7 75 5 5 2 7 3 65 75 55 6 55 6 65 55 5 3 6 65 5 4 0 6 4 8 2 3 4 5 5 5 55
4.28 c85 10.3 55 55 6 5 5 2 6 5 5 5 5 5 5 4 75 55 65 5 35 45 4 7 5 5 75 65 1 3 45 45 4 8 5 45 6 5 6 4 6 55 5 5 5 7 75 3 65 5 6 5 4 5 3 5 6 5 6 6
4.28 c86 10.3 6 75 25 65 45 2 7 6 5 6 5 55 5 45 4 5 75 5 7 5 65 6 65 5 5 5 65 45 55 4 7 5 45 5 6 5 65 8 6 55 55 55 6 6 5 55
4.29 c87 10.3 7 5 55 5 5 6 6 6 55 45 5 5 8 5 4 6 65 5 5 5 5 8 5 6 5 8 45 5 5 7 5 8 t10.8 65 6 75 4 4 6 65 5 4 5 6 5 5 4 35 4
4.29 c88 10.8 4 4 4 45 4 4 65 5 5 6 4 2 t10.3 5 25 5 5 3 5 5 8 t10.5 5 45 5 5 2 0 t10.2 6 65 6 3 5 5 25 5 2 45 45 6 5 4 6 5 5 6 5 55 5 75 5
4.29 c89 10.2 55 5 7 55 35 3 3 5 35 4 5 7 5 5 45 75 5 7 5 45 45 5 45 5 4 6 45 45 6 4 5 7 7 6 5 5 55 5 55
4.29 c90 10.2 5 56 6 45 6 65 7 65 5 7 6 5 5 5 5 5 65 55 6 5 5 7 6 65 6 65 7 6 6 5 5 5 6 6 7 5 5 8
4.30 c91 9.8 4 6 5 75 5 5 6 55 55 65 5 3 55 6 6 45 55 65 5 65 56 8 6 5 7 65 75 55 65 8 45 65 75 t10.5 55 55 5 35 4 5 55 4 6 5 3 5 55
4.30 c92 10.3 5 5 5 45 6 5 45 6 56 55 5 55 55 5 5 6 5 8 5 5 45 5 5 4 4 4 5 55 5 5 5 56 5 5 6 5 2 5 5 45 4 4 5 5 65 55
4.30 c93 10.1 5 5 5 5 5 5 6 5 5 6 45 65 4 5 65 55 56 5 55 75 6 45 65 65 65 5 6 55 4 6 5 6 5 6 6 6 45 65
4.30 c94 10.1 5 5 5 6 5 5 6 6 5 7 6 65 5 65 65 65 7 5 6 5 65 65 5 5 7 5 35 5 5 5 3 5 5 5 5 5 5
5.5 b29 8.7 5 5 65 7 55 5 75 65 65 75 65 65 7 55 75 4 6 7 7 5 6 5 7 6 65 5 5 6 6 6 55 75 65 65 5 55 4 5 65 6 65 55 65 65 55 65 55 55 65 65 
5.5 b30 8.8 5 45 65 45 55 55 5 5 6 5 65 65 65 65 65 55 55 45 65 65 5 65 6 6 6 45 65 7 55 45 65 65 5 65 6 6 6 45 65 7 55 6 55 55
5.5 b31 8.8 5 6 65 6 5 6 5 4 5 65 65 65 55 6 75 5 6 5 65 55 4 6 5 6 65 55 55
5.5 b32 8.7 5 65 6 6 5 45 6 7 5 6 6 7 5 6 6 6 65 6 6 7 5 55 55 7 55 55 7 5 55 65 5 6 65 
5.6 b33 8.8 6 7 7 55 4 6 5 55 75 7 4 6 7 5 6 55 55 7 55 6 65 65 65 6 55 7 55 6 65 65 65 6 55 7 65
5.6 b34 8.8 55 7 6 5 6 7 6 6 6 7 t9.3 65 5 6 5 65 65 7 65 7 55 55 65 7 55 55 65 6 4 75 7 65 65 7 55 65 55 65
5.6 b35 9.3 7 75 6 7 55 55 65 55 65 65 65 7 6 7 7 65 6 6 65 6 65 7 65 65 65 55 6 7 7 7 6 5 7 7
5.6 b36 9.3 7 6 55 7 6 65 65 75 7 65 7 6 65 65 6 65 65 65 6 5 6 65 65 6 5
5.7 b37 9.3 5 7 55 65 6 7 75 7 65 5 55 65 t9.8 5 4 7 6 65 5 6 5 6 75 65 6 5 6 5 45 5 65 65 6 7 
5.7 b38 9.8 n 5 6 75 6 6 6 6 5 5 75 t10.0 5 65 7 5 55 5 6 65 65 4 6 55 4 5 75 65 8 7 6 5 65 6 65 65 65 6 7 65 55 65 7 7 7 7 6 65
5.8 b39 8.8 65 6 7 65 6 6 55 7 65 7 7 7 7 65 7 6 65 65 75 6 65 8 l 65 55 6 7
5.8 b40 8.8 65 65 65 55 6 7 6 6 55 6 6 65 55 65 7 65 65 5 5 l 6 65 7 65 65 5 7 65 5 5 6 
5.11 b41 9.3 6 55 5 5 65 65 7 65 7 6 65 65 65 7 7 7 7 7 7 7 t9.4 65 55 65 7 65 7 65 7 65 7
5.11 b42 9.4 65 6 65 7 7 6 65 65 7 6 7 5 5  65 65 6 75 75 8 t9.5 5 55 75 6 6 7 65 7 65
5.11 b43 9.5 7 6 6 65 7 65 6 65 6 65 6 65 65  5 6 65 6 55 7 65 7 55 65 7 65 65 6 6 7 6 6 65 65 6 6 6 6 
5.18 b44 9.6 65 7 6 65 65 6 6 7 8 t9.9 4 65 65 55 75 4 6 7 5 6 5 55 75 55 45 4 55 6 65 65 45 55 5
5.18 b45 9.9 6 55 55 5 7 65 5 6 5 6 55 5 5 65 5 6 65 6 65 65 55 65 6 7 5 5 5 
5.18 b46 9.9 5 6 65 55 7 t10.2 65 7 6 5 45 55 5 6 5 3 3 5 35 4 35 t10.0 45 5 4 5 45 6 55 7 5 5 5 7 7 5 5 5 65
5.18 b47 10.0 6 75 6 6 6 65 7 8 5 65 5 5 5 4 5 2 4 4 45 5 4 4 4 55 5 5 45 45 4 45 5 5 45  
5.19 b48 10.1 5 5 45 5 55 55 5 5 45 55 55 55 55 45 6 55 5 65 5 5 5 5 5 5 5 555 6 65 55 6 
5.20 b49 9.6 n 5 65 55 6 75 7 8 7 t9.8 6 65 5 5 6 6 8 6 5 55 5 6 7 5 65 5 6 65 65 7 65 6 6 6 7 55 5 65 55 5 7 65
5.20 b50 9.9 6 65 7 6 5 35 65 7 6 65 7 6 65 55 55 65 6 7 6 5 5 5 55 5 6 5 7 75 7 7 65 65 7
5.20 b51 10.0 5 6 45 65 65 65 7 5 65 7 8 5 6 5 55 75 8 t10.1 5 65 55 4 5 5 5 4 4 55 5 5 2 4 5 45
5.20 b52 10.0 55 6 6 5 5 55 55 5 6 5 5 5 6 6 45 4 6 4 5 6 6 65 7 55 6 6 5 6
5.21 b53 9.7 6 65 5 5 6 6 5 65 5 5 6 5 65 5 4 6 5 6 65 5 5 5 7 5 5 5 7 75 65 6 65 6 6 6 7 
5.21 b54 9.7 65 7 7 6 7 7 75 7 7 4 5 5  7 55 45 5 4 5 55 65 5 65 7 55 6 75 55 7 7 65 6 6 6 
5.21 b55 9.9 55 6 7 7 5 5 65 65 5 6 4 5 65 65 65 7 5 5 4 5 45 55 5 5 5 5 6 55 7 7 
5.22 b56 9.9 65 6 5 4 55 75 5 65 7 65 t10.6 5 75 7 6 6 7 7 8 8 45 6 85 85 6 6 65 7 5 65 6 65 5 55 75 5 7 6 6 45 7 65 35 4 5 
5.22 b57 7.7 n 5 4 5 35 4 4 4 55 5 4 5 5 5 5 5 5 4 5 6 5 6 5 5 5 5 55 5 5 6 5 5 5 5 5 5 5 5
5.22 b58 7.7 4 4 4 5 5 35 5 4 5 5 5 5 55 5 5 5 6 65 7 5 55 55 4 5 5 5 4 5 55 5 5 
5.23 b59 7.7 55 45 5 45 6 5 5 5 5 55 5 45 6 5 5 45 55 5 55 5 5 5 45 7 5 5 5 
5.23 b60 7.7 5 5 35 4 6 5 55 5 5 65 5 5 5 5 55 5 6 65 5 5 5 5 55 5 5 65 55 6
5.23 b61 7.7 4 5 6 4 5 5 5 5 4 5 56 5 5 6 6 6 6 6 4 4 5 55 6 5 5 55 6 4 5 5 5
5.23 b62 10.2 2 4 5 4 7 6 6 5 45 45 5 5 5 5 5 3 4 5 5 65 6 4 45 7 5 3 5 5 6 7 5 5 5 7
5.23 b63 10.2 45 4 55 5 4 5 5 6 5 3 35 5 5 5 6 4 3 65 65 65 4 6 65 6 55 6 25 55 6 35
5.22 b64 10.2 45 6 6 65 6 6 3 65 65 5 5 6 6 5 55 6 5 55 65 6 6 5 6 5 4 6 7
5.23 b65 10.2 5 5 5 5 65 5 5 5 6 5 4 5 5 5 5 35 6 5 5 5 5 5 5 5 5
5.24 b66 7.7 6 5 45 5 5 6 5 45 4 45 65 65 35 45 45 5 45 6 5 6 5 5 55 5 55 55 65 6 5
5.25 b67 8.3 5 45 7 5 45 5 35 55 5 6 6 65 5 4 5 5 5 65 5 5 5 55 5 75 45 5 5 5
5.25 b68 8.3 6 6 6 6 6  6 3 5 5 5 45 6 5 5 5 5 55 65 6 5 55 5 5 55
5.25 b69 8.3 5 5 6 6 5 6 65 65 55 5 6 5 5 5 6 5 65 5 4 5 65 5 6  6
5.25 b70 8.3 5 5 3 6 5 5 5 5 5 6 5 5 5 5 55 55 5 5 5 55 6 5 5 55 65 5 55
5.26 b71 8.3 4 6 5 6 5 5 5 55 5 5 5 5 5 65 55 55 65 5 5 5 56 6 4 5 7  6 5 6 5 65 4 65 5
5.26 b72 8.3 6 5 5 5 6 5 5 5 6 5 5 5 6 5 45 5 5 6 6 5 5 6 65 5
5.26 b73 8.3 5 6 65 6 65 55 5 4 45 5 65 6 6 7 5 6 5 5 6 5 5 6 65 65 55
5.26 b74 8.3 6 5 5 5 65 6 5 5 65 6 5 55 6 7 7 t8.5 55 5 6 55 6 65 65 65 6 5 5 6 65 5 55
5.27 b75 8.5 3 65 65 55 55 6 5 7 65 65 7 6 7 65 75 m 65 6 65 6 55 65 65 6 5 7 5 55 55 6 7
5.28 b77 7.5 n 7 5 65 5 5 7 65 65 65 55 6 65 4 5 5 65 55 5 7 7 5 65 7 t7.7 5 3 6 7 6 6 65 5 
5.28 b78 7.7 5 6 7 7 65 75 t7.9 5 5 5 6 5 6 65 5 5 5 5 65 5 65 6 6 5 5
5.19 c1  10.0 n  55 4 55 65 4 6 55 65 4 5 4 5 55 55 55 55 5 5
5.19 c2 10.0  65 5 5 5 5 65 6 5 5 7 4 65 6 5 65 55 5 55 65 6 55 7 5 45 65 5 55 65
5.20 c3 10.0 5 55 5 6 6 65 5 6 5 5 65 6 5 5 5 6 55 5 65 7 5 5 6 55 6 65 6 6 5 5 65 4 65 65 65
5.20 c4 10.0 75 75 t10.2 6 6 65 5 5 6 5 55 5 5 7 5 6 6 5 65 6 6 7 55 6 4 6 55 55 5 65 45 55 55 65 5 6
5.20 c5 10.2 7 5 55 6 55 55 45 55 6 6 6 6 5 5 6 6 5 7 55 7 5 5 5 5 5 6 55 6
5.20 c6 10.2 6 65 6 5 55 5 5 6 45 4 5 5 5 6 45 7 55 7 5 6 5 3 35 6 5 65 6 7 6 55 4
5.21 c7 10.2 6 5 75 6 65 6 5 7 4 5 6 7 5 6 7 5 65 6 5 35 5 5 65 65 5 4 6 65 5 5 6 5 5 6 6
5.21 c8 10.2 6 6 65 65 7 65 6 5 65 65 5 5 5 5 5 7 55 6 65 5 65 55
5.21 c9 10.2 75 6 5 55 5 65 55 6 55 65 5 8 5 6 5 65 65 7 6 65 55 65 6 5 65 55 55 6 65 6 5 65 55 55 55 6 65 6 6 6 6 5 65
5.22 c10 10.2 55 6 7 6 5 65 6 7 5 6 5 65 5 7 5 6 5 65 65 5 55 6 55 65 6 65 65 5 65 55 6 65 6
5.22 c11 10.2 55 65 6 8 75 6 6 7 6 7 6 65 65 7 6 65 7 65 m 55 5 5 4 5 35 4 4 35 4 6
5.22 c12 10.2 65 7 6 65 6 65 55 5 5 5 5 5 5 6 7 6 6 55 7 6 6 7 5 5 6 55 7 6 5 7 4 65
5.24 c13 8.8 n 65 5 6 7 65 6 5 45 7 5 65 5 5 65 5 5 5 5 5 45 65 5 8 6 55 55 65 65 5 65 7
5.24 c14 8.8 5 6 7 55 6 5 7 65 55 5 5 6 6 55 6 6 55 55 55 5 55 5 6 5 6 55 6
5.24 c15 8.8 5 65 6 5 5 5 6 6 5 5 5 7 6 7 75 75 5 55 5 6 m 5 6 5 5 55 5 55 5 5 6 65 6
5.25 c16 9.2 n 55 5 5 6 7 6 6 6 65 75 6 6 65 7 6 4 4 4 5 5 5 5 5 5 5 6 5 5 7 5 7 5 5 65 5 55
5.25 c17 9.2 5 6 7 65 5 65 65 55 5 7 55 6 6 7 65 65 7 6 6 65 6 6 7 t10.5 5 35 4 5 45 45 3 1 5 6 65 65 6 6 6 switch t8.6
5.26 c18 8.6 55 5 65 4 5 7 4 6 7 m 35 4 5 55 4 6 5 7 5 5 6 5 55 6 5 65 75 65 6 6 6
5.26 c19 8.7 5 7 7 65 6 4 6 5 6 5 55 6 5 7 45 5 6 6 6 65 5 5 75 7 5 65 switch t7.7
5.27 c20 7.7 5 9 4 5 65 75 m 5 5 5 45 5 45 4 5 5 4 5 55 5 35 55 55 5 4 45 35 5 5 4 3 4 4 5 5 5
5.27 c21 7.7 45 35 4 5 35 55 5 3 5 5 45 3 5 45 7 5 6 6 4 55 55 5 4 55 55 65 5 5 65 5
5.27 c22 7.7 5 7 5 4 6 5 5 6 65 6 t8.1 3 4 3 3 7 t8.0 5 55 5 55 6 45 6 6 55 5 5 6 65 7 9 t8.2 6 5 4 6 7 4 45 65 5 4 45 65 55 55 5 7 
5.29 c23 8.2 7 7 7 5 7 6 4 55
5.30 c25 9.1 n 5 6 65 5 65 65 65 6 7 5 65 65 65 6 65 65 6 7 65 6 5 5 7 6 65 6 6 65 65 t9.7 5 5 55 65 6 6 6 65 5 5 3 7 65 5 5 55 5 65 5 l 6 65 5 65 5 6
5.30 c26 9.7 6 6 65 6 6 65 5 6 5 6 55 5 6 5 5 55 5 65 6 7 6 65
5.30 c27 9.7 7 65 65 l 6 5 55 6 65 5 6 6 6 65 55 5 5 5 65 6 65 5 6 6 5 5 55 5 55 6 65